3.754130452871322632e+00
3.594893217086791992e+00
3.010254502296447754e+00
3.302172943949699402e+00
4.610734432935714722e+00
3.354790881276130676e+00
3.716653063893318176e+00
3.509331792593002319e+00
4.482157081365585327e+00
3.837672024965286255e+00
3.695956468582153320e+00
2.487628915114328265e+00
4.653146117925643921e+00
3.501559048891067505e+00
4.654141217470169067e+00
4.427166134119033813e+00
3.668242618441581726e+00
3.178948760032653809e+00
3.809457123279571533e+00
3.244570568203926086e+00
4.711330533027648926e+00
3.623559772968292236e+00
4.029292911291122437e+00
4.834541380405426025e+00
3.038217723369598389e+00
2.685895226895809174e+00
4.556785970926284790e+00
4.690970033407211304e+00
3.049018755555152893e+00
4.460769146680831909e+00
3.219937756657600403e+00
3.313914164900779724e+00
3.726644590497016907e+00
4.103869050741195679e+00
3.796811699867248535e+00
3.355678990483283997e+00
3.144142627716064453e+00
4.512521624565124512e+00
3.872641474008560181e+00
3.785253167152404785e+00
4.047736823558807373e+00
3.768086880445480347e+00
2.840510495007038116e+00
4.234550595283508301e+00
4.489418417215347290e+00
3.850701749324798584e+00
3.770098984241485596e+00
4.938065409660339355e+00
4.447816759347915649e+00
4.019349515438079834e+00
3.415765762329101562e+00
3.264566883444786072e+00
2.673712540417909622e+00
4.157889634370803833e+00
4.757329225540161133e+00
3.732034787535667419e+00
2.972101978957653046e+00
3.060415387153625488e+00
4.276550859212875366e+00
3.113722577691078186e+00
3.483996689319610596e+00
3.863828182220458984e+00
3.377561792731285095e+00
3.267581835389137268e+00
3.606244027614593506e+00
3.542038798332214355e+00
4.583564549684524536e+00
4.678089469671249390e+00
4.043702185153961182e+00
3.660301789641380310e+00
3.374150842428207397e+00
2.745313495397567749e+00
3.540591746568679810e+00
3.339903652667999268e+00
3.911636620759963989e+00
3.772318065166473389e+00
3.804850429296493530e+00
4.133828580379486084e+00
3.789946585893630981e+00
3.006846494972705841e+00
3.684200644493103027e+00
4.311776608228683472e+00
3.300509154796600342e+00
4.902657270431518555e+00
3.756792843341827393e+00
3.996624797582626343e+00
3.375791683793067932e+00
4.711245447397232056e+00
4.532435983419418335e+00
3.777948617935180664e+00
2.902799025177955627e+00
3.472927063703536987e+00
4.357022941112518311e+00
3.211233988404273987e+00
4.032059758901596069e+00
3.305609375238418579e+00
3.406263515353202820e+00
4.016048908233642578e+00
3.191647827625274658e+00
2.775061894208192825e+00
4.399815648794174194e+00
4.787696450948715210e+00
4.376678168773651123e+00
2.859340421855449677e+00
3.672229722142219543e+00
3.169561699032783508e+00
4.536042809486389160e+00
3.995843976736068726e+00
4.121499210596084595e+00
4.897430539131164551e+00
2.873873002827167511e+00
3.583447337150573730e+00
3.378632217645645142e+00
3.875954151153564453e+00
3.718305826187133789e+00
3.909328281879425049e+00
4.055024087429046631e+00
3.135508596897125244e+00
3.355161100625991821e+00
3.497435823082923889e+00
3.928619772195816040e+00
4.607270956039428711e+00
2.777712102979421616e+00
3.892617076635360718e+00
3.050313219428062439e+00
3.517508953809738159e+00
3.987835347652435303e+00
2.969399243593215942e+00
4.166776984930038452e+00
3.496930599212646484e+00
3.996294736862182617e+00
3.328541889786720276e+00
3.698985055088996887e+00
3.255416676402091980e+00
4.086246639490127563e+00
3.358907103538513184e+00
4.839113205671310425e+00
4.108755588531494141e+00
3.879631608724594116e+00
4.460610747337341309e+00
3.455299884080886841e+00
4.471285790205001831e+00
3.989920616149902344e+00
4.293679445981979370e+00
4.111200720071792603e+00
4.126190692186355591e+00
2.767351604998111725e+00
4.259387850761413574e+00
3.073007017374038696e+00
3.361230343580245972e+00
3.215301632881164551e+00
2.940754778683185577e+00
4.657384157180786133e+00
4.175989478826522827e+00
3.872507512569427490e+00
4.531995654106140137e+00
3.247537910938262939e+00
3.694957122206687927e+00
4.282850474119186401e+00
3.579497262835502625e+00
3.779778927564620972e+00
3.378017693758010864e+00
3.402925357222557068e+00
3.239812403917312622e+00
3.752314448356628418e+00
3.138990104198455811e+00
4.030948728322982788e+00
3.199472576379776001e+00
3.114198036491870880e+00
4.000646770000457764e+00
3.287046477198600769e+00
3.784417062997817993e+00
3.643730282783508301e+00
3.258688598871231079e+00
3.496554344892501831e+00
4.688229858875274658e+00
3.199120312929153442e+00
3.212314322590827942e+00
4.303515851497650146e+00
4.395494014024734497e+00
3.516621738672256470e+00
2.665126286447048187e+00
3.473428636789321899e+00
3.729623556137084961e+00
3.166664391756057739e+00
2.762229666113853455e+00
3.028191551566123962e+00
3.373476192355155945e+00
3.404340595006942749e+00
3.635140880942344666e+00
3.766876757144927979e+00
3.529350459575653076e+00
2.933818548917770386e+00
4.317717105150222778e+00
3.822065144777297974e+00
4.202030450105667114e+00
3.340238109230995178e+00
3.350767940282821655e+00
3.179358467459678650e+00
4.271942675113677979e+00
3.611116707324981689e+00
3.351656347513198853e+00
3.869201540946960449e+00
4.098995923995971680e+00
2.971376627683639526e+00
4.161362648010253906e+00
4.655833989381790161e+00
3.021057620644569397e+00
3.608775064349174500e+00
4.705531150102615356e+00
4.416541606187820435e+00
4.128901213407516479e+00
3.964720070362091064e+00
3.132465779781341553e+00
2.945415526628494263e+00
4.583495110273361206e+00
3.215620592236518860e+00
3.562253043055534363e+00
4.403979182243347168e+00
3.755655884742736816e+00
3.189648836851119995e+00
4.346626996994018555e+00
3.603091910481452942e+00
4.587120860815048218e+00
3.444379121065139771e+00
2.653816873207688332e+00
3.759867250919342041e+00
3.732602968811988831e+00
4.304159432649612427e+00
3.692745268344879150e+00
4.351464956998825073e+00
3.750874102115631104e+00
3.723155036568641663e+00
2.511911095352843404e+00
3.796317428350448608e+00
3.212073817849159241e+00
3.798160701990127563e+00
3.697564974427223206e+00
4.207632392644882202e+00
3.257341161370277405e+00
4.501485824584960938e+00
3.908293098211288452e+00
3.395541161298751831e+00
3.709364384412765503e+00
2.846764884889125824e+00
3.608871400356292725e+00
3.815772682428359985e+00
4.552034288644790649e+00
4.285241067409515381e+00
4.979579001665115356e+00
3.492965400218963623e+00
3.777827173471450806e+00
3.933552652597427368e+00
3.467448428273200989e+00
3.756361603736877441e+00
3.726860433816909790e+00
3.478483557701110840e+00
4.518761187791824341e+00
4.454195350408554077e+00
2.887203358113765717e+00
3.722123727202415466e+00
4.703467786312103271e+00
3.565034717321395874e+00
3.706300333142280579e+00
3.735913783311843872e+00
4.313240349292755127e+00
3.860802650451660156e+00
3.930286914110183716e+00
3.388642221689224243e+00
4.103656262159347534e+00
3.447753041982650757e+00
3.680135756731033325e+00
4.913127571344375610e+00
3.391026705503463745e+00
3.177121430635452271e+00
3.067574948072433472e+00
3.272463232278823853e+00
4.265195131301879883e+00
3.145920634269714355e+00
4.315345734357833862e+00
3.763156533241271973e+00
3.181353062391281128e+00
3.068721070885658264e+00
4.702646583318710327e+00
3.240000605583190918e+00
3.151817545294761658e+00
3.639488816261291504e+00
3.464899212121963501e+00
3.041314445436000824e+00
3.864460736513137817e+00
3.349076658487319946e+00
3.240215256810188293e+00
4.832257032394409180e+00
3.234776780009269714e+00
3.856506943702697754e+00
3.299991413950920105e+00
3.538550212979316711e+00
3.818817138671875000e+00
3.597961738705635071e+00
2.945908568799495697e+00
4.196536839008331299e+00
3.733045011758804321e+00
3.455979451537132263e+00
4.076770991086959839e+00
3.517657667398452759e+00
4.945233911275863647e+00
3.772742152214050293e+00
3.687934875488281250e+00
3.067015185952186584e+00
4.921069741249084473e+00
4.585091173648834229e+00
3.656147196888923645e+00
2.516586045967414975e+00
4.854219853878021240e+00
3.800613135099411011e+00
3.964607715606689453e+00
3.430461362004280090e+00
3.519784882664680481e+00
4.654417037963867188e+00
3.608522117137908936e+00
3.037818484008312225e+00
3.910252004861831665e+00
2.728199437260627747e+00
3.377815857529640198e+00
3.790053874254226685e+00
3.021017201244831085e+00
3.058832250535488129e+00
3.894969671964645386e+00
4.585446715354919434e+00
3.589908033609390259e+00
3.316664993762969971e+00
3.137903064489364624e+00
4.073451757431030273e+00
4.026357233524322510e+00
4.673600196838378906e+00
4.057662487030029297e+00
2.910423055291175842e+00
3.914329409599304199e+00
4.543676078319549561e+00
4.462331235408782959e+00
3.542828783392906189e+00
3.227357044816017151e+00
3.166659548878669739e+00
3.136675953865051270e+00
4.556656330823898315e+00
3.098116926848888397e+00
3.930269926786422729e+00
2.910377345979213715e+00
3.082974366843700409e+00
3.344721943140029907e+00
3.876723051071166992e+00
4.512157291173934937e+00
4.363403618335723877e+00
3.271857574582099915e+00
3.848031014204025269e+00
3.510197028517723083e+00
3.728740662336349487e+00
2.941564023494720459e+00
3.765522688627243042e+00
4.512998312711715698e+00
3.972165882587432861e+00
4.496156424283981323e+00
3.690458014607429504e+00
3.443436920642852783e+00
3.564309254288673401e+00
3.520345240831375122e+00
3.212171420454978943e+00
3.847936391830444336e+00
3.671761155128479004e+00
4.256246834993362427e+00
4.152123928070068359e+00
3.239690884947776794e+00
3.549457639455795288e+00
4.199583232402801514e+00
4.031081646680831909e+00
3.751882314682006836e+00
4.377228021621704102e+00
3.629323244094848633e+00
3.651917502284049988e+00
3.803927749395370483e+00
3.548640906810760498e+00
3.944350630044937134e+00
3.942561447620391846e+00
3.807905614376068115e+00
2.908951304852962494e+00
4.906493872404098511e+00
3.094108216464519501e+00
3.490820750594139099e+00
3.862947821617126465e+00
4.362276941537857056e+00
3.245511949062347412e+00
3.753818720579147339e+00
3.722792342305183411e+00
2.816656082868576050e+00
3.127581104636192322e+00
3.593808487057685852e+00
4.859465956687927246e+00
3.406522721052169800e+00
3.434144109487533569e+00
4.669440537691116333e+00
3.437003269791603088e+00
3.377553075551986694e+00
4.004650563001632690e+00
3.105537854135036469e+00
4.540443420410156250e+00
3.240589722990989685e+00
4.356140792369842529e+00
3.968917429447174072e+00
2.724179327487945557e+00
3.103934079408645630e+00
3.292660266160964966e+00
3.680414333939552307e+00
2.687904983758926392e+00
3.034067228436470032e+00
4.740900099277496338e+00
3.712607994675636292e+00
3.260559961199760437e+00
4.855054765939712524e+00
4.187764972448348999e+00
2.755403723567724228e+00
3.009247370064258575e+00
4.891907572746276855e+00
3.142091482877731323e+00
3.705538585782051086e+00
3.640018403530120850e+00
3.392778113484382629e+00
4.353696405887603760e+00
3.720980808138847351e+00
3.399096950888633728e+00
4.088775664567947388e+00
3.436311855912208557e+00
3.729210644960403442e+00
4.812948256731033325e+00
4.310012608766555786e+00
3.130709677934646606e+00
3.240183740854263306e+00
3.311926126480102539e+00
3.644337281584739685e+00
3.447171971201896667e+00
3.757559955120086670e+00
4.342419803142547607e+00
4.271142929792404175e+00
3.287343159317970276e+00
4.164264351129531860e+00
3.631094470620155334e+00
4.680532664060592651e+00
3.973152190446853638e+00
4.166166484355926514e+00
3.492310941219329834e+00
4.111970365047454834e+00
4.046729207038879395e+00
3.797824829816818237e+00
3.413404524326324463e+00
3.865377604961395264e+00
3.191276341676712036e+00
3.928592354059219360e+00
2.979444600641727448e+00
3.959612250328063965e+00
3.300106674432754517e+00
3.966758847236633301e+00
3.635748177766799927e+00
3.102721162140369415e+00
3.523811995983123779e+00
3.005629703402519226e+00
3.606555536389350891e+00
4.188638031482696533e+00
3.930282592773437500e+00
3.144996538758277893e+00
3.949653655290603638e+00
3.162341043353080750e+00
3.614234924316406250e+00
3.478142544627189636e+00
4.315752536058425903e+00
3.206999674439430237e+00
4.284840524196624756e+00
4.760487228631973267e+00
3.658693581819534302e+00
3.532709777355194092e+00
4.036412984132766724e+00
3.882086575031280518e+00
4.128296971321105957e+00
4.003899246454238892e+00
3.184245228767395020e+00
3.506649434566497803e+00
3.610694408416748047e+00
2.757170833647251129e+00
3.400388136506080627e+00
3.364913091063499451e+00
3.566822633147239685e+00
3.344997242093086243e+00
4.449627250432968140e+00
4.741076380014419556e+00
3.268759623169898987e+00
4.281182885169982910e+00
3.914961665868759155e+00
4.519691616296768188e+00
4.621109515428543091e+00
4.002353847026824951e+00
3.362874761223793030e+00
4.028693586587905884e+00
3.282586783170700073e+00
3.350456655025482178e+00
3.504422530531883240e+00
3.766451627016067505e+00
3.587527871131896973e+00
4.314760863780975342e+00
3.893244862556457520e+00
4.070462137460708618e+00
3.473383635282516479e+00
3.239881172776222229e+00
3.479208648204803467e+00
3.644697964191436768e+00
2.934351116418838501e+00
2.849009521305561066e+00
4.286699742078781128e+00
3.985052853822708130e+00
3.693746998906135559e+00
3.404973000288009644e+00
3.953060507774353027e+00
4.060349017381668091e+00
3.846454769372940063e+00
3.829937428236007690e+00
3.232784047722816467e+00
3.763763308525085449e+00
4.140506237745285034e+00
3.855871856212615967e+00
3.645396083593368530e+00
3.491556793451309204e+00
4.047962874174118042e+00
3.088518790900707245e+00
4.450761228799819946e+00
3.574006929993629456e+00
3.425823003053665161e+00
4.543208926916122437e+00
3.825437724590301514e+00
4.036376029253005981e+00
4.635389000177383423e+00
3.075508549809455872e+00
3.424327448010444641e+00
4.061936289072036743e+00
3.399318084120750427e+00
3.495671302080154419e+00
3.302286043763160706e+00
3.748503178358078003e+00
3.187961280345916748e+00
3.435495570302009583e+00
3.313259258866310120e+00
3.338625505566596985e+00
3.431966155767440796e+00
4.536132067441940308e+00
3.927944749593734741e+00
4.264882504940032959e+00
4.289355129003524780e+00
3.834437578916549683e+00
3.719163537025451660e+00
3.008116073906421661e+00
4.197218567132949829e+00
3.129127249121665955e+00
2.809335757046937943e+00
2.777413167059421539e+00
3.266454562544822693e+00
4.176300317049026489e+00
3.558259829878807068e+00
4.290536940097808838e+00
4.325027018785476685e+00
3.669110089540481567e+00
4.726603329181671143e+00
2.861241139471530914e+00
3.368368819355964661e+00
3.433972448110580444e+00
4.484687894582748413e+00
4.702787399291992188e+00
2.566970554180443287e+00
3.533453121781349182e+00
2.875453345477581024e+00
3.923437446355819702e+00
4.219265282154083252e+00
4.400034695863723755e+00
4.530257880687713623e+00
3.841817826032638550e+00
3.884994238615036011e+00
4.757383316755294800e+00
3.517980352044105530e+00
3.498366028070449829e+00
3.748378977179527283e+00
3.225566819310188293e+00
4.055566638708114624e+00
3.300411179661750793e+00
3.315307646989822388e+00
4.195998758077621460e+00
3.771280944347381592e+00
4.190631806850433350e+00
4.160516262054443359e+00
3.973186165094375610e+00
2.920764498412609100e+00
3.763025701045989990e+00
4.078727662563323975e+00
2.898967973887920380e+00
3.735632076859474182e+00
3.690263628959655762e+00
3.165523335337638855e+00
3.323280289769172668e+00
3.658429607748985291e+00
4.607963860034942627e+00
3.776932805776596069e+00
3.173483386635780334e+00
3.133185803890228271e+00
3.699319362640380859e+00
4.093777537345886230e+00
4.351829588413238525e+00
3.442378342151641846e+00
3.680047690868377686e+00
3.042538724839687347e+00
3.230708688497543335e+00
3.462120592594146729e+00
3.998617082834243774e+00
4.752689599990844727e+00
4.682638496160507202e+00
2.517262288602069020e+00
3.224202245473861694e+00
3.064627163112163544e+00
3.309205994009971619e+00
4.587719589471817017e+00
4.018090665340423584e+00
4.701327234506607056e+00
4.125204831361770630e+00
2.921798788011074066e+00
4.025822877883911133e+00
4.272217899560928345e+00
3.886045217514038086e+00
3.207239881157875061e+00
4.360600113868713379e+00
4.696854352951049805e+00
3.977041095495223999e+00
3.747627213597297668e+00
3.817475438117980957e+00
2.910646721720695496e+00
3.594338521361351013e+00
3.791631162166595459e+00
4.451543837785720825e+00
3.215858712792396545e+00
4.396429210901260376e+00
4.268054813146591187e+00
4.097554385662078857e+00
2.767629045993089676e+00
4.061431735754013062e+00
3.709016218781471252e+00
4.029907733201980591e+00
3.210305795073509216e+00
3.387094289064407349e+00
3.699876144528388977e+00
3.775808513164520264e+00
4.033930897712707520e+00
3.545769453048706055e+00
3.696304634213447571e+00
3.831548839807510376e+00
4.549669772386550903e+00
2.978701777756214142e+00
2.930521778762340546e+00
3.161448314785957336e+00
4.081526249647140503e+00
3.708933889865875244e+00
4.883602112531661987e+00
4.285401552915573120e+00
3.995386511087417603e+00
3.590995147824287415e+00
4.709369838237762451e+00
2.990100607275962830e+00
3.488898649811744690e+00
3.613179177045822144e+00
4.401817619800567627e+00
3.045094162225723267e+00
4.399304389953613281e+00
3.638085052371025085e+00
3.682596534490585327e+00
4.698863178491592407e+00
3.249231129884719849e+00
4.041117876768112183e+00
3.623942658305168152e+00
3.507445082068443298e+00
2.986443899571895599e+00
3.723859712481498718e+00
4.297530651092529297e+00
4.114574939012527466e+00
4.179865270853042603e+00
3.013909906148910522e+00
3.805529773235321045e+00
3.452419787645339966e+00
3.758818954229354858e+00
3.638991713523864746e+00
3.801884055137634277e+00
3.326778635382652283e+00
3.264191821217536926e+00
4.018734246492385864e+00
3.696646094322204590e+00
2.940590865910053253e+00
2.684999834746122360e+00
3.296109214425086975e+00
3.741623237729072571e+00
3.056367188692092896e+00
3.581603839993476868e+00
2.870277129113674164e+00
3.258335590362548828e+00
4.429997503757476807e+00
3.473666012287139893e+00
4.726835936307907104e+00
3.538550212979316711e+00
3.186125531792640686e+00
3.578427955508232117e+00
3.376944735646247864e+00
3.391684144735336304e+00
4.209610670804977417e+00
3.979910761117935181e+00
3.657009452581405640e+00
3.471512347459793091e+00
3.195715621113777161e+00
3.204862475395202637e+00
3.314047157764434814e+00
3.529997915029525757e+00
3.454620614647865295e+00
3.310442566871643066e+00
3.399683386087417603e+00
4.377471059560775757e+00
4.076773077249526978e+00
2.766362726688385010e+00
3.251265212893486023e+00
3.656013831496238708e+00
3.639079779386520386e+00
2.977280877530574799e+00
4.017232060432434082e+00
3.254558816552162170e+00
4.554327875375747681e+00
3.035610429942607880e+00
4.866984933614730835e+00
3.252766802906990051e+00
2.577734361402690411e+00
3.405603393912315369e+00
3.945697098970413208e+00
3.639399036765098572e+00
3.918864578008651733e+00
4.032102525234222412e+00
2.937251664698123932e+00
4.509931951761245728e+00
4.616834074258804321e+00
3.786561489105224609e+00
4.713996350765228271e+00
4.356391727924346924e+00
3.731549382209777832e+00
3.079437725245952606e+00
3.925480097532272339e+00
4.612263441085815430e+00
3.544012084603309631e+00
4.563028961420059204e+00
3.282453492283821106e+00
3.924811780452728271e+00
3.775720298290252686e+00
3.383382558822631836e+00
4.572302997112274170e+00
4.481285512447357178e+00
3.647023364901542664e+00
2.513149181613698602e+00
4.941176027059555054e+00
3.021713458001613617e+00
2.925026416778564453e+00
2.957977391779422760e+00
4.932008832693099976e+00
3.767360150814056396e+00
2.643403625115752220e+00
3.179319947957992554e+00
4.707145988941192627e+00
3.324607089161872864e+00
4.874942153692245483e+00
3.606951683759689331e+00
4.669628590345382690e+00
3.100104629993438721e+00
3.385345712304115295e+00
3.695264086127281189e+00
3.210243657231330872e+00
3.607629463076591492e+00
4.364803284406661987e+00
3.106982670724391937e+00
3.946001827716827393e+00
3.857934921979904175e+00
3.573844209313392639e+00
4.669659137725830078e+00
3.422145992517471313e+00
3.555239364504814148e+00
3.983857482671737671e+00
2.941947132349014282e+00
3.153124004602432251e+00
4.050228297710418701e+00
3.685343712568283081e+00
3.952430933713912964e+00
3.109959028661251068e+00
4.189931005239486694e+00
3.306469693779945374e+00
3.316153362393379211e+00
4.761793017387390137e+00
3.749654144048690796e+00
2.984945103526115417e+00
3.400123864412307739e+00
4.020581096410751343e+00
4.062135368585586548e+00
3.337846249341964722e+00
2.907900176942348480e+00
3.460922390222549438e+00
3.195879086852073669e+00
2.842996269464492798e+00
4.442584067583084106e+00
3.143830299377441406e+00
3.439392820000648499e+00
3.899502009153366089e+00
3.746952116489410400e+00
4.311898946762084961e+00
3.611028045415878296e+00
2.975203134119510651e+00
3.091752454638481140e+00
3.236802816390991211e+00
3.982437998056411743e+00
4.704157412052154541e+00
3.467820584774017334e+00
4.446588456630706787e+00
4.205026924610137939e+00
4.474754184484481812e+00
3.717745319008827209e+00
3.816727250814437866e+00
3.613114506006240845e+00
2.815040387213230133e+00
4.455420523881912231e+00
4.249569922685623169e+00
2.964101247489452362e+00
3.528373017907142639e+00
3.914319872856140137e+00
3.545499518513679504e+00
4.820935875177383423e+00
3.618024736642837524e+00
4.198644608259201050e+00
4.046336263418197632e+00
3.077486082911491394e+00
4.694972485303878784e+00
3.161085993051528931e+00
4.018362909555435181e+00
3.558926284313201904e+00
4.699438661336898804e+00
4.522696882486343384e+00
3.486457318067550659e+00
3.986051380634307861e+00
3.472758010029792786e+00
4.772770851850509644e+00
3.747943639755249023e+00
3.687311038374900818e+00
3.393787145614624023e+00
3.413289561867713928e+00
3.376119211316108704e+00
3.360934481024742126e+00
4.214448779821395874e+00
4.125431627035140991e+00
4.908563643693923950e+00
4.857970923185348511e+00
4.624691605567932129e+00
4.320072382688522339e+00
3.053779527544975281e+00
3.669451773166656494e+00
4.655606150627136230e+00
4.578469097614288330e+00
3.434123173356056213e+00
4.189483076333999634e+00
3.706507608294487000e+00
3.224873915314674377e+00
3.361862227320671082e+00
3.005452454090118408e+00
3.149011656641960144e+00
4.032005369663238525e+00
2.907160557806491852e+00
3.943846970796585083e+00
4.035388827323913574e+00
3.778487890958786011e+00
4.190058857202529907e+00
3.552796617150306702e+00
4.891593009233474731e+00
3.937875628471374512e+00
4.037602543830871582e+00
4.294835031032562256e+00
3.561953231692314148e+00
4.948227852582931519e+00
3.859747201204299927e+00
3.687685132026672363e+00
4.831461310386657715e+00
4.334412962198257446e+00
3.795291632413864136e+00
4.690075814723968506e+00
4.768000543117523193e+00
2.510623026173561811e+00
4.028340578079223633e+00
3.429943025112152100e+00
2.495342716283630580e+00
3.854844719171524048e+00
4.647848308086395264e+00
3.590620681643486023e+00
4.399363249540328979e+00
4.364632070064544678e+00
4.419915974140167236e+00
3.687580376863479614e+00
3.530954271554946899e+00
3.851395249366760254e+00
2.860308699309825897e+00
4.494717121124267578e+00
3.240062743425369263e+00
3.011962659657001495e+00
3.025790490210056305e+00
3.895331472158432007e+00
4.281266778707504272e+00
4.104680716991424561e+00
2.842189110815525055e+00
2.822823375463485718e+00
3.513615280389785767e+00
4.984690845012664795e+00
3.317546173930168152e+00
3.617391586303710938e+00
3.552262708544731140e+00
3.887580186128616333e+00
3.463751524686813354e+00
2.624259516596794128e+00
4.272844940423965454e+00
2.954001836478710175e+00
4.006888121366500854e+00
3.323624655604362488e+00
3.574062287807464600e+00
4.969827830791473389e+00
3.154113888740539551e+00
3.843682706356048584e+00
4.221422672271728516e+00
4.086966067552566528e+00
3.171798884868621826e+00
4.024285376071929932e+00
4.146532714366912842e+00
2.751451544463634491e+00
3.622509315609931946e+00
3.656825721263885498e+00
4.270383268594741821e+00
4.388709813356399536e+00
4.449849128723144531e+00
3.572710007429122925e+00
3.193781524896621704e+00
4.049077779054641724e+00
3.670020475983619690e+00
2.673852425068616867e+00
3.300279676914215088e+00
3.581603839993476868e+00
2.484122249297797680e+00
3.768375515937805176e+00
2.838453464210033417e+00
3.517527878284454346e+00
3.125556260347366333e+00
3.255090117454528809e+00
4.314231127500534058e+00
3.641456589102745056e+00
3.161898329854011536e+00
2.191556114703416824e+00
3.791631162166595459e+00
3.047283552587032318e+00
4.890435636043548584e+00
4.360060244798660278e+00
3.196589350700378418e+00
3.589938879013061523e+00
4.424524903297424316e+00
3.905187845230102539e+00
3.899548202753067017e+00
3.958604931831359863e+00
3.693578690290451050e+00
3.191979005932807922e+00
2.937955223023891449e+00
3.749351352453231812e+00
2.865098416805267334e+00
3.145146295428276062e+00
3.282631784677505493e+00
4.596887081861495972e+00
3.808808326721191406e+00
4.157387018203735352e+00
4.177187234163284302e+00
3.558415248990058899e+00
3.355982080101966858e+00
3.855262398719787598e+00
3.160397782921791077e+00
3.832212984561920166e+00
3.775749951601028442e+00
3.680095821619033813e+00
4.369200617074966431e+00
3.188014253973960876e+00
3.260772377252578735e+00
3.535194247961044312e+00
4.788656532764434814e+00
3.857202827930450439e+00
3.929507434368133545e+00
3.685295507311820984e+00
2.936220988631248474e+00
3.504736423492431641e+00
3.251157924532890320e+00
3.229442536830902100e+00
3.242500945925712585e+00
4.763867110013961792e+00
3.969648182392120361e+00
3.806052505970001221e+00
3.522672057151794434e+00
3.569309189915657043e+00
2.604950666427612305e+00
3.777931332588195801e+00
2.983445785939693451e+00
3.709948435425758362e+00
4.911753684282302856e+00
3.803395479917526245e+00
3.325590491294860840e+00
3.983829766511917114e+00
4.594346731901168823e+00
3.223346099257469177e+00
2.878134995698928833e+00
4.156573563814163208e+00
3.617968261241912842e+00
3.886766284704208374e+00
4.065345376729965210e+00
3.528404235839843750e+00
3.219200000166893005e+00
3.509709835052490234e+00
3.392449393868446350e+00
3.325961083173751831e+00
3.131487667560577393e+00
3.007947579026222229e+00
3.477630168199539185e+00
4.862717837095260620e+00
3.313400372862815857e+00
2.941257283091545105e+00
3.639599680900573730e+00
3.955619186162948608e+00
3.499843925237655640e+00
3.669853731989860535e+00
3.148757815361022949e+00
3.931742012500762939e+00
4.790426641702651978e+00
4.069066494703292847e+00
3.276580050587654114e+00
4.172394871711730957e+00
3.762156665325164795e+00
3.863611221313476562e+00
3.705970048904418945e+00
3.274823278188705444e+00
4.272406846284866333e+00
3.500777408480644226e+00
4.358674883842468262e+00
3.988948315382003784e+00
3.887811601161956787e+00
3.280451521277427673e+00
3.692496046423912048e+00
3.234553933143615723e+00
3.896550834178924561e+00
3.229893371462821960e+00
2.923983372747898102e+00
3.668187409639358521e+00
4.531192183494567871e+00
3.737013638019561768e+00
3.291844874620437622e+00
4.488466829061508179e+00
3.224965482950210571e+00
3.676184713840484619e+00
3.835787177085876465e+00
4.211606234312057495e+00
3.404026404023170471e+00
3.331973552703857422e+00
4.542072862386703491e+00
4.353931546211242676e+00
4.008091539144515991e+00
4.181588292121887207e+00
3.302324116230010986e+00
4.224788546562194824e+00
4.103539586067199707e+00
4.216652810573577881e+00
4.233180433511734009e+00
3.503709733486175537e+00
3.186259046196937561e+00
3.340659514069557190e+00
2.939610257744789124e+00
4.097554385662078857e+00
2.624702816829085350e+00
3.927593529224395752e+00
3.586823418736457825e+00
3.453445211052894592e+00
3.684179857373237610e+00
3.609083965420722961e+00
4.175504446029663086e+00
4.529833644628524780e+00
4.098180085420608521e+00
2.902032099664211273e+00
3.628665730357170105e+00
3.540638536214828491e+00
3.318153098225593567e+00
4.207149147987365723e+00
3.336233347654342651e+00
4.755444675683975220e+00
4.424928575754165649e+00
4.676341265439987183e+00
3.618936911225318909e+00
2.712941616773605347e+00
3.787217289209365845e+00
4.600441753864288330e+00
4.467928558588027954e+00
3.064416646957397461e+00
3.402530178427696228e+00
3.262649476528167725e+00
3.383993133902549744e+00
4.346944093704223633e+00
4.307886809110641479e+00
3.191710412502288818e+00
4.400105029344558716e+00
3.720619156956672668e+00
3.993780016899108887e+00
3.768375515937805176e+00
4.879300594329833984e+00
4.298256337642669678e+00
3.018065467476844788e+00
3.404528498649597168e+00
4.026033580303192139e+00
2.862053625285625458e+00
4.682620018720626831e+00
4.357099235057830811e+00
3.246618434786796570e+00
4.080465883016586304e+00
4.493507891893386841e+00
3.742414340376853943e+00
3.482545018196105957e+00
3.040237165987491608e+00
4.166181385517120361e+00
3.931939154863357544e+00
3.906614780426025391e+00
4.039748907089233398e+00
3.999017924070358276e+00
2.954459525644779205e+00
4.070401340723037720e+00
3.178917691111564636e+00
3.665799871087074280e+00
2.978260852396488190e+00
3.172037228941917419e+00
4.424120038747787476e+00
3.674528524279594421e+00
3.584334701299667358e+00
4.154516756534576416e+00
2.595243928954005241e+00
4.552419930696487427e+00
3.752280324697494507e+00
3.655426725745201111e+00
4.619619995355606079e+00
4.106359630823135376e+00
3.253046944737434387e+00
3.853658735752105713e+00
2.975100167095661163e+00
3.352705910801887512e+00
3.714429661631584167e+00
3.800547569990158081e+00
3.523472175002098083e+00
4.044054150581359863e+00
4.377863258123397827e+00
3.701293990015983582e+00
3.597327247262001038e+00
2.592479418963193893e+00
4.753357023000717163e+00
4.658396542072296143e+00
4.263899773359298706e+00
2.847960926592350006e+00
2.842313759028911591e+00
3.263262063264846802e+00
4.503234624862670898e+00
4.646999388933181763e+00
2.727945223450660706e+00
3.293317630887031555e+00
3.812949210405349731e+00
3.683793768286705017e+00
4.778343290090560913e+00
3.902128338813781738e+00
3.369663506746292114e+00
4.132622182369232178e+00
4.261851012706756592e+00
2.516681031556800008e+00
3.496881276369094849e+00
3.452047109603881836e+00
3.462785035371780396e+00
3.269724473357200623e+00
3.040251992642879486e+00
3.291693702340126038e+00
4.010424911975860596e+00
4.243845343589782715e+00
3.356656655669212341e+00
3.044070787727832794e+00
3.249820470809936523e+00
4.948439002037048340e+00
3.971030116081237793e+00
4.861604869365692139e+00
4.382103681564331055e+00
3.280938863754272461e+00
4.472707957029342651e+00
4.431320577859878540e+00
4.632310271263122559e+00
4.190812408924102783e+00
3.402113467454910278e+00
3.049378693103790283e+00
4.676631987094879150e+00
4.259694069623947144e+00
4.500538706779479980e+00
3.342643082141876221e+00
3.750304281711578369e+00
4.091757386922836304e+00
4.208093881607055664e+00
3.413561955094337463e+00
4.132616817951202393e+00
4.474233239889144897e+00
3.390287011861801147e+00
4.568158388137817383e+00
3.694890290498733521e+00
4.176186174154281616e+00
3.102465793490409851e+00
4.364888072013854980e+00
4.916902035474777222e+00
4.045147895812988281e+00
3.481331914663314819e+00
3.679477125406265259e+00
4.105913937091827393e+00
2.931464426219463348e+00
3.396222442388534546e+00
4.196586608886718750e+00
3.422292619943618774e+00
3.992020785808563232e+00
4.304428398609161377e+00
3.070675507187843323e+00
4.388169348239898682e+00
3.829280138015747070e+00
2.878787331283092499e+00
3.632289990782737732e+00
3.266163915395736694e+00
3.725931793451309204e+00
3.422731831669807434e+00
3.588053807616233826e+00
4.203772842884063721e+00
4.489535987377166748e+00
3.405706435441970825e+00
3.735243082046508789e+00
4.378289282321929932e+00
2.376254880800843239e+00
3.240806907415390015e+00
4.119469821453094482e+00
4.912207126617431641e+00
4.266498088836669922e+00
3.472137600183486938e+00
2.982139848172664642e+00
4.636933654546737671e+00
3.124278001487255096e+00
2.977630756795406342e+00
3.827072381973266602e+00
3.285789266228675842e+00
3.525891005992889404e+00
3.649531751871109009e+00
4.191820770502090454e+00
4.296224862337112427e+00
3.457866534590721130e+00
3.075665235519409180e+00
4.378991127014160156e+00
4.480183869600296021e+00
3.959378302097320557e+00
3.434698283672332764e+00
2.950503006577491760e+00
2.728180717676877975e+00
3.568217381834983826e+00
3.442784249782562256e+00
4.708408564329147339e+00
3.248714730143547058e+00
3.120854124426841736e+00
3.905185461044311523e+00
4.182732999324798584e+00
3.141010552644729614e+00
3.782754838466644287e+00
4.346034973859786987e+00
3.125839456915855408e+00
4.316665977239608765e+00
4.008128196001052856e+00
3.231092318892478943e+00
4.182109087705612183e+00
2.840804271399974823e+00
3.524423912167549133e+00
3.539855182170867920e+00
3.238574713468551636e+00
3.729215487837791443e+00
3.234091922640800476e+00
4.017285108566284180e+00
3.390677943825721741e+00
4.612958133220672607e+00
2.901872396469116211e+00
3.495789095759391785e+00
3.538963720202445984e+00
3.584031984210014343e+00
3.567744791507720947e+00
3.216813802719116211e+00
2.707504685968160629e+00
3.177641853690147400e+00
4.014789760112762451e+00
4.273963421583175659e+00
4.690485447645187378e+00
4.477676749229431152e+00
2.980323992669582367e+00
3.510670140385627747e+00
4.062329530715942383e+00
3.042159304022789001e+00
3.276151940226554871e+00
3.587358146905899048e+00
2.984142713248729706e+00
3.153131827712059021e+00
3.720476999878883362e+00
3.238709717988967896e+00
4.426178336143493652e+00
3.434752523899078369e+00
3.640563562512397766e+00
3.239160999655723572e+00
4.315000623464584351e+00
4.122080057859420776e+00
4.451402127742767334e+00
3.436980396509170532e+00
4.813120961189270020e+00
4.513327479362487793e+00
3.907473385334014893e+00
3.251224383711814880e+00
4.252904504537582397e+00
3.802981376647949219e+00
4.603174030780792236e+00
3.867670148611068726e+00
3.555026948451995850e+00
3.764591068029403687e+00
3.827196061611175537e+00
3.065019510686397552e+00
3.428291231393814087e+00
4.027195274829864502e+00
3.545748889446258545e+00
3.980370908975601196e+00
4.448032081127166748e+00
4.350200295448303223e+00
3.954428732395172119e+00
3.755621463060379028e+00
4.718730151653289795e+00
3.858767002820968628e+00
3.733587116003036499e+00
3.296728581190109253e+00
3.213152512907981873e+00
3.574526831507682800e+00
4.281680285930633545e+00
3.668434545397758484e+00
3.645084053277969360e+00
3.301176428794860840e+00
3.238311707973480225e+00
4.380781203508377075e+00
4.277161955833435059e+00
3.623095527291297913e+00
4.596527218818664551e+00
3.729405254125595093e+00
3.536198511719703674e+00
4.051383584737777710e+00
3.173911720514297485e+00
4.863497465848922729e+00
2.898931056261062622e+00
3.197815790772438049e+00
4.126771390438079834e+00
3.759343475103378296e+00
3.546217083930969238e+00
3.655723631381988525e+00
3.670009002089500427e+00
4.561251848936080933e+00
3.750694990158081055e+00
3.303479775786399841e+00
4.073769450187683105e+00
4.079738408327102661e+00
3.075276538729667664e+00
3.552574440836906433e+00
3.180937990546226501e+00
2.528306008316576481e+00
3.638753741979598999e+00
3.938020467758178711e+00
4.083834588527679443e+00
3.202760890126228333e+00
4.336429685354232788e+00
4.773241877555847168e+00
4.633951932191848755e+00
4.401941299438476562e+00
4.820815473794937134e+00
4.932485669851303101e+00
4.982831180095672607e+00
3.616497591137886047e+00
3.967620879411697388e+00
3.371979445219039917e+00
4.578195810317993164e+00
3.998077958822250366e+00
4.541331529617309570e+00
4.233879894018173218e+00
3.381514027714729309e+00
4.616894870996475220e+00
3.778398185968399048e+00
3.442064970731735229e+00
3.383736014366149902e+00
3.935445398092269897e+00
4.297726303339004517e+00
3.868671208620071411e+00
4.684538096189498901e+00
4.419520646333694458e+00
4.056020826101303101e+00
2.999387681484222412e+00
4.494506269693374634e+00
3.158733248710632324e+00
3.254879638552665710e+00
4.249323457479476929e+00
3.391607776284217834e+00
2.724884673953056335e+00
2.642196128144860268e+00
3.509138002991676331e+00
3.089345991611480713e+00
4.494586586952209473e+00
3.096471130847930908e+00
3.185764774680137634e+00
3.383455574512481689e+00
3.409648239612579346e+00
3.859348446130752563e+00
3.679914325475692749e+00
2.671784684062004089e+00
4.183533191680908203e+00
4.454640001058578491e+00
3.726721331477165222e+00
3.826357275247573853e+00
3.676862493157386780e+00
4.156226515769958496e+00
2.742380853742361069e+00
3.090936504304409027e+00
3.385161086916923523e+00
4.097421914339065552e+00
4.049154072999954224e+00
4.384157657623291016e+00
4.183620661497116089e+00
3.358044698834419250e+00
4.445301145315170288e+00
3.312388807535171509e+00
4.853683412075042725e+00
4.028686881065368652e+00
4.739630222320556641e+00
3.882185518741607666e+00
4.388068467378616333e+00
4.398949742317199707e+00
4.403356313705444336e+00
2.941764779388904572e+00
3.595605641603469849e+00
2.910091355443000793e+00
3.213372379541397095e+00
3.296141475439071655e+00
3.638195171952247620e+00
3.936232179403305054e+00
3.291673287749290466e+00
3.302702158689498901e+00
3.889313340187072754e+00
3.102416098117828369e+00
2.536373399198055267e+00
4.065654873847961426e+00
4.062934368848800659e+00
3.761797845363616943e+00
3.692907765507698059e+00
4.080132097005844116e+00
3.465095758438110352e+00
3.643289878964424133e+00
4.444974213838577271e+00
3.699084743857383728e+00
3.815867304801940918e+00
3.839767575263977051e+00
3.259694352746009827e+00
3.367642536759376526e+00
3.516470789909362793e+00
4.219414889812469482e+00
4.151916950941085815e+00
4.256580322980880737e+00
3.484258204698562622e+00
4.307694286108016968e+00
4.821096509695053101e+00
3.189218193292617798e+00
3.870195746421813965e+00
3.052064999938011169e+00
4.248792976140975952e+00
3.368883803486824036e+00
2.989981658756732941e+00
4.092996418476104736e+00
3.401045054197311401e+00
3.727801293134689331e+00
3.208658099174499512e+00
3.628983721137046814e+00
3.604573532938957214e+00
4.117271751165390015e+00
3.516356945037841797e+00
3.483034968376159668e+00
4.147168099880218506e+00
3.058169446885585785e+00
4.229716211557388306e+00
3.071729876101016998e+00
3.226370066404342651e+00
3.942584991455078125e+00
4.120938479900360107e+00
2.778910547494888306e+00
3.076467253267765045e+00
3.712057024240493774e+00
4.568834900856018066e+00
3.629239797592163086e+00
3.789934515953063965e+00
4.052532911300659180e+00
3.451663702726364136e+00
3.166677504777908325e+00
4.726603329181671143e+00
3.656177967786788940e+00
3.193678110837936401e+00
3.740577548742294312e+00
4.335401654243469238e+00
4.714640229940414429e+00
3.385623246431350708e+00
3.273883759975433350e+00
2.913021184504032135e+00
4.664115011692047119e+00
3.551455587148666382e+00
4.181937128305435181e+00
3.310828357934951782e+00
4.652834385633468628e+00
3.390728458762168884e+00
3.624167442321777344e+00
3.689578175544738770e+00
4.229353219270706177e+00
3.486345708370208740e+00
3.470992073416709900e+00
2.963747680187225342e+00
3.497669547796249390e+00
4.148092269897460938e+00
3.651887848973274231e+00
3.687494844198226929e+00
3.926774561405181885e+00
3.081875145435333252e+00
4.377918243408203125e+00
3.422273844480514526e+00
3.926419317722320557e+00
4.467786848545074463e+00
3.321308270096778870e+00
3.391019329428672791e+00
3.307214528322219849e+00
3.765574097633361816e+00
4.142749756574630737e+00
3.774700611829757690e+00
3.861171901226043701e+00
3.719577565789222717e+00
3.580894544720649719e+00
4.571071863174438477e+00
4.202985316514968872e+00
3.411318510770797729e+00
4.759774059057235718e+00
3.415357917547225952e+00
3.449278250336647034e+00
4.296856373548507690e+00
3.462606593966484070e+00
4.010476171970367432e+00
3.388012498617172241e+00
3.951194286346435547e+00
3.060937523841857910e+00
3.779564946889877319e+00
4.838941991329193115e+00
3.706601113080978394e+00
4.171323180198669434e+00
3.857363909482955933e+00
