4.896724820137023926e+00
4.778513163328170776e+00
4.708429723978042603e+00
4.828682541847229004e+00
4.450790584087371826e+00
4.760686606168746948e+00
4.363657534122467041e+00
4.808848500251770020e+00
4.854598492383956909e+00
4.967194646596908569e+00
4.803725033998489380e+00
4.062292426824569702e+00
4.732899367809295654e+00
4.788939803838729858e+00
4.674946367740631104e+00
5.000000298023223877e+00
4.592019170522689819e+00
4.861328005790710449e+00
4.723445475101470947e+00
4.875124245882034302e+00
4.721795916557312012e+00
4.715575426816940308e+00
4.610456675291061401e+00
4.396462291479110718e+00
4.705131947994232178e+00
4.916787445545196533e+00
4.834793955087661743e+00
4.766924977302551270e+00
4.820745885372161865e+00
4.557653963565826416e+00
4.627243429422378540e+00
5.000000298023223877e+00
4.741173386573791504e+00
4.398976564407348633e+00
4.772204756736755371e+00
4.809880256652832031e+00
4.877855479717254639e+00
4.600992649793624878e+00
4.547747373580932617e+00
4.860092848539352417e+00
4.946237355470657349e+00
4.562342017889022827e+00
4.861414283514022827e+00
4.408341795206069946e+00
4.645363241434097290e+00
4.687116742134094238e+00
5.000000000000000000e+00
4.939689487218856812e+00
4.896814078092575073e+00
4.438974857330322266e+00
4.611108154058456421e+00
4.348343759775161743e+00
4.772232472896575928e+00
4.958293288946151733e+00
4.912984073162078857e+00
4.869031161069869995e+00
4.471705108880996704e+00
5.000000298023223877e+00
4.846957325935363770e+00
4.613112658262252808e+00
4.675926715135574341e+00
4.676373153924942017e+00
4.873500168323516846e+00
4.818125963211059570e+00
4.492626190185546875e+00
4.730900675058364868e+00
4.380995929241180420e+00
4.837645590305328369e+00
4.932056665420532227e+00
4.995682239532470703e+00
5.000000000000000000e+00
4.793490171432495117e+00
4.759086370468139648e+00
4.819815754890441895e+00
4.771963506937026978e+00
4.804944097995758057e+00
4.851492196321487427e+00
4.760833233594894409e+00
4.821311384439468384e+00
4.763589054346084595e+00
4.934628903865814209e+00
4.540289640426635742e+00
4.891268461942672729e+00
4.879652112722396851e+00
5.000000000000000000e+00
4.859003722667694092e+00
4.646384716033935547e+00
4.490813612937927246e+00
4.756929576396942139e+00
4.688687473535537720e+00
4.588530361652374268e+00
4.757658988237380981e+00
4.562591910362243652e+00
4.686912894248962402e+00
4.490181952714920044e+00
4.964486062526702881e+00
4.699722230434417725e+00
4.539324790239334106e+00
4.901369661092758179e+00
4.608666449785232544e+00
4.089808464050292969e+00
4.712004959583282471e+00
4.788367599248886108e+00
4.928719401359558105e+00
4.818622022867202759e+00
4.630589336156845093e+00
4.706170111894607544e+00
4.822286665439605713e+00
3.681091740727424622e+00
4.604334831237792969e+00
4.711441993713378906e+00
4.807324856519699097e+00
4.748992174863815308e+00
4.795509427785873413e+00
4.931695759296417236e+00
5.000000000000000000e+00
4.599644392728805542e+00
4.247387349605560303e+00
4.278561621904373169e+00
4.840400815010070801e+00
4.916139841079711914e+00
4.906174540519714355e+00
4.893830269575119019e+00
4.513041377067565918e+00
4.892293959856033325e+00
4.728493094444274902e+00
4.748118817806243896e+00
4.761980921030044556e+00
4.647172987461090088e+00
4.502876847982406616e+00
4.289606511592864990e+00
4.476460963487625122e+00
4.415824562311172485e+00
4.895807653665542603e+00
4.676735103130340576e+00
4.643156230449676514e+00
4.631358087062835693e+00
4.780963361263275146e+00
4.728503972291946411e+00
4.743929803371429443e+00
4.381004124879837036e+00
4.205608218908309937e+00
4.583826959133148193e+00
4.660285711288452148e+00
4.934744983911514282e+00
4.915267676115036011e+00
4.740003347396850586e+00
4.487609863281250000e+00
4.720658063888549805e+00
4.913778901100158691e+00
4.048865735530853271e+00
4.672027826309204102e+00
4.884895235300064087e+00
4.889233708381652832e+00
4.885800480842590332e+00
4.724290817975997925e+00
3.874083012342453003e+00
4.700324684381484985e+00
4.668208956718444824e+00
4.748433232307434082e+00
4.626171886920928955e+00
4.521149843931198120e+00
4.316424876451492310e+00
4.672698080539703369e+00
4.243871271610260010e+00
4.839813709259033203e+00
4.925918281078338623e+00
4.663902372121810913e+00
4.890755414962768555e+00
4.784365594387054443e+00
4.845234751701354980e+00
4.906443655490875244e+00
4.708850532770156860e+00
4.605518281459808350e+00
4.728062301874160767e+00
4.716651886701583862e+00
4.729933887720108032e+00
4.080594182014465332e+00
4.726713746786117554e+00
4.922125935554504395e+00
4.681137800216674805e+00
4.601785242557525635e+00
4.572690427303314209e+00
4.655539393424987793e+00
4.573802649974822998e+00
4.509820491075515747e+00
4.458153694868087769e+00
4.631167650222778320e+00
4.344122707843780518e+00
4.417796880006790161e+00
4.504489451646804810e+00
4.428906291723251343e+00
4.684727638959884644e+00
4.823219329118728638e+00
4.107842594385147095e+00
4.870795458555221558e+00
4.476534873247146606e+00
4.714261889457702637e+00
4.821973294019699097e+00
4.297249019145965576e+00
4.702923297882080078e+00
4.756169915199279785e+00
4.854260385036468506e+00
4.386135786771774292e+00
4.666087627410888672e+00
4.941094517707824707e+00
4.584605395793914795e+00
4.522978961467742920e+00
4.621631652116775513e+00
4.126307368278503418e+00
4.548140019178390503e+00
4.344144612550735474e+00
4.401773810386657715e+00
4.654975682497024536e+00
4.615572988986968994e+00
4.717985391616821289e+00
4.317607879638671875e+00
4.046279042959213257e+00
4.758414775133132935e+00
4.667792171239852905e+00
4.818402528762817383e+00
4.559248089790344238e+00
3.554296419024467468e+00
4.160793274641036987e+00
4.897529631853103638e+00
4.690506756305694580e+00
4.794274419546127319e+00
4.804488271474838257e+00
4.170947223901748657e+00
4.847965538501739502e+00
4.826269000768661499e+00
4.794557392597198486e+00
4.386069774627685547e+00
4.299342185258865356e+00
4.937437027692794800e+00
4.466332197189331055e+00
4.402486532926559448e+00
4.429913312196731567e+00
4.805049598217010498e+00
4.536252617835998535e+00
4.783511459827423096e+00
4.724846780300140381e+00
4.822622835636138916e+00
4.729014635086059570e+00
4.764284789562225342e+00
4.222738742828369141e+00
4.326634109020233154e+00
4.346214532852172852e+00
4.191682636737823486e+00
4.863586425781250000e+00
4.575801640748977661e+00
4.433682709932327271e+00
4.349160194396972656e+00
4.833085238933563232e+00
4.619345366954803467e+00
4.216162264347076416e+00
4.373719692230224609e+00
4.106173366308212280e+00
4.428548216819763184e+00
4.562251120805740356e+00
3.542491197586059570e+00
4.610377401113510132e+00
4.652387499809265137e+00
4.709974974393844604e+00
4.363592565059661865e+00
4.877363592386245728e+00
4.603835344314575195e+00
4.792676568031311035e+00
4.619413912296295166e+00
4.340471625328063965e+00
4.502806514501571655e+00
4.672082811594009399e+00
4.633603543043136597e+00
4.666926711797714233e+00
4.668369144201278687e+00
4.254068732261657715e+00
4.511659294366836548e+00
4.061458408832550049e+00
4.402083456516265869e+00
4.628888368606567383e+00
4.502700865268707275e+00
4.586957991123199463e+00
4.669421017169952393e+00
3.754262179136276245e+00
4.680747240781784058e+00
4.849597364664077759e+00
4.630471467971801758e+00
4.424085766077041626e+00
4.644630998373031616e+00
4.284318983554840088e+00
4.450479745864868164e+00
3.279536962509155273e+00
4.453312605619430542e+00
4.254676252603530884e+00
4.564724862575531006e+00
4.426219612360000610e+00
3.913176655769348145e+00
4.670892953872680664e+00
4.350981414318084717e+00
4.430079758167266846e+00
3.750537335872650146e+00
4.339688718318939209e+00
4.518429189920425415e+00
4.507999867200851440e+00
4.550844430923461914e+00
4.669429212808609009e+00
4.199526309967041016e+00
4.188703298568725586e+00
4.702614694833755493e+00
4.144840389490127563e+00
4.658665359020233154e+00
4.877425283193588257e+00
4.261916577816009521e+00
4.395525753498077393e+00
4.203777015209197998e+00
4.587459862232208252e+00
3.611839711666107178e+00
4.619284719228744507e+00
3.855208307504653931e+00
4.734257012605667114e+00
4.341631382703781128e+00
4.175463765859603882e+00
4.638359695672988892e+00
4.171675890684127808e+00
4.822097867727279663e+00
4.142238646745681763e+00
4.302447140216827393e+00
4.575304538011550903e+00
4.410083293914794922e+00
4.892410039901733398e+00
4.716150760650634766e+00
4.924095124006271362e+00
4.770472049713134766e+00
4.704103767871856689e+00
4.428722858428955078e+00
4.373577237129211426e+00
4.698549658060073853e+00
4.627483338117599487e+00
4.616771489381790161e+00
4.349698126316070557e+00
4.783434122800827026e+00
4.301312416791915894e+00
4.736502021551132202e+00
4.477618038654327393e+00
4.700003415346145630e+00
4.808927476406097412e+00
4.526995718479156494e+00
4.539945423603057861e+00
3.771126568317413330e+00
4.285760372877120972e+00
4.658749997615814209e+00
4.794391542673110962e+00
4.765228778123855591e+00
4.520827829837799072e+00
4.597557336091995239e+00
4.779851138591766357e+00
4.771193414926528931e+00
4.194060862064361572e+00
4.415576457977294922e+00
4.614616036415100098e+00
4.386534243822097778e+00
4.444229602813720703e+00
4.558642804622650146e+00
4.465093165636062622e+00
3.962283134460449219e+00
4.722902476787567139e+00
4.160576611757278442e+00
3.776706755161285400e+00
4.699884504079818726e+00
3.792593479156494141e+00
4.524165242910385132e+00
3.925109654664993286e+00
3.558079674839973450e+00
4.638834744691848755e+00
4.812868535518646240e+00
4.609000980854034424e+00
4.823051095008850098e+00
4.619425088167190552e+00
4.051004350185394287e+00
4.140151441097259521e+00
4.230775684118270874e+00
4.741967022418975830e+00
4.664094001054763794e+00
4.812194555997848511e+00
4.384064078330993652e+00
4.812397658824920654e+00
4.164589345455169678e+00
4.704204797744750977e+00
4.727270901203155518e+00
4.543438255786895752e+00
4.582386016845703125e+00
4.413433820009231567e+00
4.466291218996047974e+00
4.952065348625183105e+00
4.463602006435394287e+00
4.676659256219863892e+00
4.683097600936889648e+00
4.066728055477142334e+00
4.271747320890426636e+00
4.379381388425827026e+00
3.713923841714859009e+00
3.815897852182388306e+00
4.586326181888580322e+00
4.060828983783721924e+00
4.817993640899658203e+00
4.675734043121337891e+00
4.507421553134918213e+00
4.156401604413986206e+00
4.146048128604888916e+00
4.569443464279174805e+00
4.312588423490524292e+00
4.432983249425888062e+00
4.599292576313018799e+00
4.066735655069351196e+00
4.507655352354049683e+00
4.712401777505874634e+00
4.591324925422668457e+00
4.060892611742019653e+00
4.353731274604797363e+00
4.335723072290420532e+00
4.334940314292907715e+00
4.126940518617630005e+00
4.451638013124465942e+00
3.932937085628509521e+00
4.040108770132064819e+00
4.183772504329681396e+00
4.178891330957412720e+00
4.514761567115783691e+00
4.680532962083816528e+00
3.660773709416389465e+00
4.487275630235671997e+00
4.106644392013549805e+00
4.269062280654907227e+00
3.768529444932937622e+00
4.307130873203277588e+00
4.448934346437454224e+00
4.063543230295181274e+00
4.245754927396774292e+00
4.394017457962036133e+00
4.219254851341247559e+00
4.199924767017364502e+00
4.764662235975265503e+00
4.524587690830230713e+00
4.383157491683959961e+00
4.405367672443389893e+00
4.172523319721221924e+00
4.192997813224792480e+00
4.170194715261459351e+00
4.861972182989120483e+00
3.057160861790180206e+00
4.732951819896697998e+00
4.346682578325271606e+00
3.968815058469772339e+00
4.699257910251617432e+00
4.514541029930114746e+00
4.745951145887374878e+00
4.302711486816406250e+00
3.419029861688613892e+00
3.110358230769634247e+00
4.382451027631759644e+00
4.303023070096969604e+00
4.134948253631591797e+00
4.099453389644622803e+00
3.808031827211380005e+00
3.959769010543823242e+00
4.248280823230743408e+00
3.843116909265518188e+00
4.201678484678268433e+00
4.899123162031173706e+00
4.799921065568923950e+00
4.072862863540649414e+00
4.644395411014556885e+00
4.660506397485733032e+00
4.813792854547500610e+00
4.459572732448577881e+00
2.710935901850461960e+00
4.377161115407943726e+00
3.666176050901412964e+00
4.350364059209823608e+00
4.148118346929550171e+00
3.430482745170593262e+00
4.049336016178131104e+00
4.799118041992187500e+00
4.271326214075088501e+00
3.820447027683258057e+00
3.878739476203918457e+00
4.514778256416320801e+00
4.433135837316513062e+00
4.508025795221328735e+00
3.786596357822418213e+00
4.580303281545639038e+00
4.111043661832809448e+00
4.420713186264038086e+00
4.194865077733993530e+00
4.428074806928634644e+00
4.697971940040588379e+00
4.177933484315872192e+00
4.185686260461807251e+00
4.540489912033081055e+00
3.738819211721420288e+00
3.600455895066261292e+00
3.657706081867218018e+00
3.006123900413513184e+00
4.489529281854629517e+00
3.827794045209884644e+00
3.987086117267608643e+00
3.984694033861160278e+00
3.670768588781356812e+00
3.800844252109527588e+00
4.695822447538375854e+00
4.511854946613311768e+00
4.601665288209915161e+00
4.362406134605407715e+00
4.319795966148376465e+00
4.195235371589660645e+00
4.630237072706222534e+00
4.407421350479125977e+00
4.550588726997375488e+00
3.916104882955551147e+00
4.349769651889801025e+00
4.033656120300292969e+00
4.164149314165115356e+00
4.758019298315048218e+00
4.419410526752471924e+00
4.625686109066009521e+00
4.559874683618545532e+00
3.245549276471138000e+00
4.577330499887466431e+00
4.635356217622756958e+00
4.298358559608459473e+00
4.063898921012878418e+00
4.401440918445587158e+00
3.930311948060989380e+00
4.313282072544097900e+00
3.744968399405479431e+00
4.746133238077163696e+00
4.839972257614135742e+00
4.114403426647186279e+00
4.481684416532516479e+00
4.754264503717422485e+00
4.051628261804580688e+00
4.039438366889953613e+00
2.894037142395973206e+00
3.051801323890686035e+00
4.263685345649719238e+00
4.435624778270721436e+00
4.332604408264160156e+00
3.928546756505966187e+00
3.653437718749046326e+00
4.150821566581726074e+00
4.606695920228958130e+00
4.348349124193191528e+00
4.866485297679901123e+00
3.428335338830947876e+00
4.359835088253021240e+00
4.795486778020858765e+00
4.574702829122543335e+00
3.300546035170555115e+00
4.635157436132431030e+00
3.958868980407714844e+00
4.100992679595947266e+00
4.555913358926773071e+00
4.482043981552124023e+00
4.352456182241439819e+00
3.984606117010116577e+00
4.697232693433761597e+00
3.818334192037582397e+00
4.161489754915237427e+00
4.152500480413436890e+00
4.197611808776855469e+00
4.240791797637939453e+00
3.861271888017654419e+00
3.402850925922393799e+00
3.802077919244766235e+00
3.921785056591033936e+00
4.047437906265258789e+00
3.502365350723266602e+00
4.570852071046829224e+00
4.537218809127807617e+00
4.153088033199310303e+00
4.156960994005203247e+00
4.242672026157379150e+00
3.664713278412818909e+00
3.520976006984710693e+00
3.531558141112327576e+00
3.766604661941528320e+00
4.566383659839630127e+00
4.231805056333541870e+00
4.466228932142257690e+00
4.114854633808135986e+00
4.464213252067565918e+00
4.004323780536651611e+00
3.926093280315399170e+00
4.310033470392227173e+00
3.861636221408843994e+00
4.105540961027145386e+00
3.182752504944801331e+00
3.732911944389343262e+00
4.154208898544311523e+00
3.730392232537269592e+00
3.885488063097000122e+00
3.296581506729125977e+00
3.404355123639106750e+00
4.152725040912628174e+00
3.707837760448455811e+00
3.588456064462661743e+00
4.279588460922241211e+00
4.332502037286758423e+00
3.845717608928680420e+00
4.421335309743881226e+00
3.581547141075134277e+00
4.295564591884613037e+00
3.644942343235015869e+00
4.426420778036117554e+00
4.106839150190353394e+00
3.814691007137298584e+00
4.370027631521224976e+00
4.044216126203536987e+00
4.625585228204727173e+00
3.420780226588249207e+00
3.349835276603698730e+00
3.199768960475921631e+00
4.286511540412902832e+00
4.696244150400161743e+00
3.623066768050193787e+00
4.383311122655868530e+00
2.788205742835998535e+00
4.229281395673751831e+00
4.022040218114852905e+00
3.140016347169876099e+00
4.910343140363693237e+00
3.543264567852020264e+00
4.240472316741943359e+00
3.744929060339927673e+00
4.015972912311553955e+00
4.419701695442199707e+00
3.837831020355224609e+00
3.287067040801048279e+00
3.773590326309204102e+00
4.143382608890533447e+00
3.587471991777420044e+00
3.927898406982421875e+00
4.375201761722564697e+00
4.202068448066711426e+00
4.146565198898315430e+00
4.236739277839660645e+00
3.995779156684875488e+00
4.073756635189056396e+00
3.865234255790710449e+00
3.414372354745864868e+00
4.208054542541503906e+00
4.469043165445327759e+00
4.164986312389373779e+00
4.557522535324096680e+00
3.612630367279052734e+00
4.318298399448394775e+00
3.616684675216674805e+00
3.045613057911396027e+00
4.713269025087356567e+00
2.897097207605838776e+00
3.585110306739807129e+00
4.513520300388336182e+00
4.199150949716567993e+00
4.161022901535034180e+00
3.809714466333389282e+00
4.137690067291259766e+00
4.619346857070922852e+00
4.444731473922729492e+00
3.989122211933135986e+00
3.448696061968803406e+00
4.273509830236434937e+00
4.075498729944229126e+00
3.518924489617347717e+00
4.295623451471328735e+00
4.421718269586563110e+00
4.231126308441162109e+00
3.423618897795677185e+00
4.354649633169174194e+00
4.383336305618286133e+00
4.007594734430313110e+00
3.561486974358558655e+00
4.405608028173446655e+00
3.739356920123100281e+00
4.038707315921783447e+00
3.605170473456382751e+00
4.653466790914535522e+00
3.931863009929656982e+00
4.420112222433090210e+00
3.506679385900497437e+00
3.475549370050430298e+00
3.069420717656612396e+00
3.336234390735626221e+00
3.548707664012908936e+00
4.869292080402374268e+00
4.054667651653289795e+00
4.251473546028137207e+00
3.915371894836425781e+00
4.111547023057937622e+00
3.552812859416007996e+00
3.844179660081863403e+00
3.414498716592788696e+00
3.966956585645675659e+00
3.718680068850517273e+00
3.716836422681808472e+00
4.556992948055267334e+00
3.503026813268661499e+00
4.215444773435592651e+00
3.777253776788711548e+00
3.997057527303695679e+00
3.087511546909809113e+00
4.208726584911346436e+00
3.909795731306076050e+00
4.387304335832595825e+00
3.704766854643821716e+00
4.491797834634780884e+00
3.823265135288238525e+00
4.219216704368591309e+00
4.036882370710372925e+00
4.307621121406555176e+00
3.955801725387573242e+00
3.766670227050781250e+00
3.855180889368057251e+00
4.614009112119674683e+00
4.039672911167144775e+00
4.075669795274734497e+00
3.543623536825180054e+00
3.033924326300621033e+00
3.760692030191421509e+00
3.938537240028381348e+00
3.961426466703414917e+00
3.990204185247421265e+00
4.653784930706024170e+00
3.620255514979362488e+00
3.563894852995872498e+00
3.794139027595520020e+00
4.652039855718612671e+00
3.406897857785224915e+00
4.146386533975601196e+00
3.677338287234306335e+00
3.980650603771209717e+00
4.421699196100234985e+00
3.741117045283317566e+00
4.164892584085464478e+00
4.389331787824630737e+00
4.557480961084365845e+00
4.407208263874053955e+00
3.745645657181739807e+00
4.046925455331802368e+00
3.631244823336601257e+00
4.028392285108566284e+00
3.874296247959136963e+00
3.987412005662918091e+00
3.920981734991073608e+00
3.672300279140472412e+00
3.530590981245040894e+00
3.776915818452835083e+00
4.316949099302291870e+00
4.063019603490829468e+00
3.799301832914352417e+00
3.861813843250274658e+00
3.715629801154136658e+00
3.938858658075332642e+00
3.674381822347640991e+00
3.614591658115386963e+00
3.826715499162673950e+00
3.803821355104446411e+00
3.241113871335983276e+00
4.259434044361114502e+00
4.230769872665405273e+00
3.443115279078483582e+00
4.119905084371566772e+00
2.661545034497976303e+00
3.628096655011177063e+00
3.911900073289871216e+00
3.993135541677474976e+00
3.105016946792602539e+00
4.298891425132751465e+00
3.625104278326034546e+00
3.854345530271530151e+00
3.421197161078453064e+00
3.051072023808956146e+00
3.195701315999031067e+00
3.600842058658599854e+00
3.803981393575668335e+00
3.841712921857833862e+00
3.290124759078025818e+00
4.539135098457336426e+00
2.892131172120571136e+00
3.389261886477470398e+00
3.945145457983016968e+00
3.681030794978141785e+00
3.957238495349884033e+00
3.940522074699401855e+00
3.779917657375335693e+00
3.611032441258430481e+00
4.710943996906280518e+00
4.903827011585235596e+00
4.674002230167388916e+00
4.666264504194259644e+00
4.479799419641494751e+00
4.548120647668838501e+00
4.521316587924957275e+00
4.932413399219512939e+00
4.893446713685989380e+00
4.906764626502990723e+00
4.630705565214157104e+00
4.775922298431396484e+00
5.000000000000000000e+00
4.908592551946640015e+00
4.682729989290237427e+00
4.421479701995849609e+00
5.000000000000000000e+00
4.786879420280456543e+00
4.905970692634582520e+00
4.664101749658584595e+00
4.821515083312988281e+00
4.428616911172866821e+00
4.270484298467636108e+00
4.979814141988754272e+00
4.906469434499740601e+00
4.208685010671615601e+00
4.776292294263839722e+00
4.556100070476531982e+00
4.842168241739273071e+00
4.595106840133666992e+00
4.346253722906112671e+00
4.966970831155776978e+00
4.653948098421096802e+00
4.325872361660003662e+00
4.304688423871994019e+00
4.824373126029968262e+00
4.720993340015411377e+00
4.855796098709106445e+00
4.981941580772399902e+00
4.726274162530899048e+00
4.950748383998870850e+00
4.718226343393325806e+00
4.543808549642562866e+00
4.324252903461456299e+00
4.730099886655807495e+00
4.560285359621047974e+00
4.667375832796096802e+00
4.442633837461471558e+00
4.542066603899002075e+00
4.295816868543624878e+00
4.287160634994506836e+00
4.863345026969909668e+00
4.678854048252105713e+00
4.908432513475418091e+00
4.817325174808502197e+00
4.851135909557342529e+00
4.862945377826690674e+00
4.552673101425170898e+00
4.852820783853530884e+00
4.368030726909637451e+00
4.550276249647140503e+00
4.496544748544692993e+00
4.657814949750900269e+00
4.583555608987808228e+00
4.765713065862655640e+00
4.822831153869628906e+00
4.218155592679977417e+00
4.087043106555938721e+00
4.692127555608749390e+00
4.805004447698593140e+00
4.834153950214385986e+00
4.784085750579833984e+00
4.442984312772750854e+00
4.320368468761444092e+00
4.807621091604232788e+00
3.982218056917190552e+00
4.680804759263992310e+00
4.918035566806793213e+00
4.823246002197265625e+00
4.812047630548477173e+00
4.877984523773193359e+00
4.188320338726043701e+00
4.207162857055664062e+00
4.561626613140106201e+00
4.807742536067962646e+00
4.857760667800903320e+00
4.660504162311553955e+00
4.825281202793121338e+00
4.822030812501907349e+00
4.835233390331268311e+00
4.749831557273864746e+00
4.741643518209457397e+00
4.172886759042739868e+00
4.572604298591613770e+00
4.854953438043594360e+00
4.560155570507049561e+00
3.643272444605827332e+00
4.855926483869552612e+00
4.317131042480468750e+00
4.407285451889038086e+00
4.476915001869201660e+00
4.852591156959533691e+00
4.120353460311889648e+00
4.630680084228515625e+00
4.712921530008316040e+00
4.694354981184005737e+00
4.620165824890136719e+00
4.528796076774597168e+00
4.896017611026763916e+00
4.535969495773315430e+00
4.852224439382553101e+00
4.674198776483535767e+00
4.291991740465164185e+00
4.481091052293777466e+00
4.488047808408737183e+00
4.101369380950927734e+00
4.312807470560073853e+00
4.029280245304107666e+00
4.755413979291915894e+00
4.692783057689666748e+00
4.069620370864868164e+00
4.495513290166854858e+00
4.766716361045837402e+00
4.135425686836242676e+00
4.169637709856033325e+00
4.455540776252746582e+00
4.343534111976623535e+00
4.436437040567398071e+00
4.111655950546264648e+00
4.288130700588226318e+00
3.948251754045486450e+00
4.101805984973907471e+00
3.936062604188919067e+00
4.368867725133895874e+00
4.567752629518508911e+00
4.781717807054519653e+00
4.822272360324859619e+00
4.038197398185729980e+00
4.656983315944671631e+00
4.006859660148620605e+00
4.147722870111465454e+00
4.496083855628967285e+00
4.195865839719772339e+00
4.267504066228866577e+00
4.308640211820602417e+00
4.174473136663436890e+00
4.031286388635635376e+00
4.707369208335876465e+00
4.023875147104263306e+00
4.387724697589874268e+00
4.556117355823516846e+00
4.067095816135406494e+00
4.106603860855102539e+00
4.531446397304534912e+00
4.274143725633621216e+00
4.184977561235427856e+00
3.815337270498275757e+00
4.553110152482986450e+00
4.687309712171554565e+00
4.512471258640289307e+00
4.602211117744445801e+00
4.591702818870544434e+00
3.866463303565979004e+00
3.418299555778503418e+00
4.746418893337249756e+00
4.756227433681488037e+00
4.554525017738342285e+00
4.568415135145187378e+00
4.734458327293395996e+00
4.104424566030502319e+00
4.478806257247924805e+00
4.090202450752258301e+00
4.579574316740036011e+00
3.671828508377075195e+00
4.372639954090118408e+00
4.174461364746093750e+00
4.025464653968811035e+00
4.475392252206802368e+00
3.851451873779296875e+00
4.465930759906768799e+00
4.634187221527099609e+00
4.805267453193664551e+00
4.397768676280975342e+00
4.499323666095733643e+00
4.456931203603744507e+00
3.992504775524139404e+00
4.002866297960281372e+00
4.269864559173583984e+00
4.244231432676315308e+00
4.555091708898544312e+00
4.005075991153717041e+00
4.344953596591949463e+00
4.281342774629592896e+00
4.144102334976196289e+00
4.632214456796646118e+00
4.454566389322280884e+00
4.328557699918746948e+00
4.756780564785003662e+00
4.567774534225463867e+00
3.283258080482482910e+00
4.247015416622161865e+00
4.565388113260269165e+00
4.249287098646163940e+00
3.761109411716461182e+00
4.040956646203994751e+00
4.298416823148727417e+00
4.273897111415863037e+00
4.797376245260238647e+00
4.456349015235900879e+00
3.687060326337814331e+00
4.010574966669082642e+00
4.243253767490386963e+00
4.499217271804809570e+00
4.840089231729507446e+00
4.675857871770858765e+00
4.219588190317153931e+00
4.242061823606491089e+00
4.746306091547012329e+00
4.237148463726043701e+00
4.472447782754898071e+00
4.053575694561004639e+00
4.265327453613281250e+00
4.503812640905380249e+00
3.840414881706237793e+00
3.796856403350830078e+00
4.221895784139633179e+00
4.151354879140853882e+00
4.440600574016571045e+00
3.506413325667381287e+00
4.189993888139724731e+00
3.152489587664604187e+00
4.329860955476760864e+00
4.209869354963302612e+00
4.536366164684295654e+00
4.242630302906036377e+00
4.194073528051376343e+00
4.579326212406158447e+00
3.967263996601104736e+00
4.449028670787811279e+00
3.940949440002441406e+00
4.866001456975936890e+00
3.975137770175933838e+00
4.354389160871505737e+00
3.557880371809005737e+00
4.194914698600769043e+00
3.886500000953674316e+00
3.900857567787170410e+00
4.606186002492904663e+00
3.881397545337677002e+00
3.922013640403747559e+00
4.635928720235824585e+00
3.712253421545028687e+00
3.285924792289733887e+00
3.874087929725646973e+00
3.657018989324569702e+00
3.934939801692962646e+00
4.346134066581726074e+00
3.459018543362617493e+00
3.727815672755241394e+00
4.230155646800994873e+00
4.023383110761642456e+00
3.613966181874275208e+00
4.570639580488204956e+00
4.430783241987228394e+00
3.685366213321685791e+00
4.520745277404785156e+00
4.162128865718841553e+00
3.500075861811637878e+00
3.502089232206344604e+00
4.692064076662063599e+00
3.613535985350608826e+00
4.703297019004821777e+00
4.624184370040893555e+00
4.018131345510482788e+00
4.511253684759140015e+00
4.348349422216415405e+00
4.007269293069839478e+00
4.147973656654357910e+00
4.568842649459838867e+00
4.465761035680770874e+00
3.958388417959213257e+00
3.209677711129188538e+00
4.605399370193481445e+00
4.089599847793579102e+00
4.205067306756973267e+00
3.125119730830192566e+00
3.947393298149108887e+00
4.364510327577590942e+00
4.906465113162994385e+00
4.504642933607101440e+00
4.916417151689529419e+00
4.053338915109634399e+00
4.380168765783309937e+00
4.134288281202316284e+00
3.684814944863319397e+00
4.184531420469284058e+00
4.534035921096801758e+00
3.515232354402542114e+00
3.842179179191589355e+00
3.637482896447181702e+00
4.798516482114791870e+00
3.233337253332138062e+00
3.735663518309593201e+00
4.100545197725296021e+00
3.705664053559303284e+00
3.145339712500572205e+00
4.405001550912857056e+00
4.006770253181457520e+00
4.482469260692596436e+00
4.356177300214767456e+00
4.196320474147796631e+00
4.394836425781250000e+00
3.315940499305725098e+00
3.031759746372699738e+00
3.710078373551368713e+00
4.105603992938995361e+00
4.309653788805007935e+00
3.794611692428588867e+00
2.801763247698545456e+00
3.536075726151466370e+00
4.540870040655136108e+00
4.429008662700653076e+00
4.083293527364730835e+00
3.892523050308227539e+00
3.071214482188224792e+00
4.273572117090225220e+00
3.782584816217422485e+00
3.970163166522979736e+00
3.688268512487411499e+00
4.504974633455276489e+00
4.466611593961715698e+00
4.421998709440231323e+00
4.381751418113708496e+00
3.605164885520935059e+00
4.257112145423889160e+00
4.165833294391632080e+00
3.972286581993103027e+00
3.447970822453498840e+00
4.216336458921432495e+00
3.739942982792854309e+00
4.517869502305984497e+00
3.422411382198333740e+00
3.828758895397186279e+00
3.430018797516822815e+00
3.880095481872558594e+00
3.918003886938095093e+00
4.629038721323013306e+00
4.097471088171005249e+00
4.393514841794967651e+00
3.747655153274536133e+00
3.188989162445068359e+00
4.234389811754226685e+00
4.469529390335083008e+00
3.947126865386962891e+00
4.215351939201354980e+00
4.554981142282485962e+00
3.360820636153221130e+00
3.875993788242340088e+00
3.525390699505805969e+00
3.978579789400100708e+00
4.825257658958435059e+00
4.137059748172760010e+00
3.924193531274795532e+00
4.088568687438964844e+00
3.637116774916648865e+00
3.852327018976211548e+00
3.565564826130867004e+00
3.404386267066001892e+00
3.742588609457015991e+00
4.019224643707275391e+00
3.701920136809349060e+00
2.792078461498022079e+00
3.978536874055862427e+00
3.629916086792945862e+00
3.537898063659667969e+00
2.937714383006095886e+00
3.609980121254920959e+00
4.044848233461380005e+00
4.295796304941177368e+00
4.214985668659210205e+00
4.272756725549697876e+00
3.381322920322418213e+00
3.335501179099082947e+00
3.563659340143203735e+00
3.872670531272888184e+00
3.954501748085021973e+00
3.296511992812156677e+00
3.268854543566703796e+00
3.302454948425292969e+00
3.871953040361404419e+00
4.091698229312896729e+00
4.323853850364685059e+00
4.179561287164688110e+00
2.831150107085704803e+00
4.095989167690277100e+00
4.362962394952774048e+00
3.507620990276336670e+00
3.763163536787033081e+00
3.954495936632156372e+00
3.713930994272232056e+00
3.725403249263763428e+00
3.600731492042541504e+00
4.664064794778823853e+00
3.891859650611877441e+00
3.340741619467735291e+00
3.893704414367675781e+00
4.358916431665420532e+00
4.183582961559295654e+00
3.924371600151062012e+00
3.439539819955825806e+00
3.095634393393993378e+00
4.514971226453781128e+00
3.794305324554443359e+00
3.356978744268417358e+00
4.086546301841735840e+00
3.342163637280464172e+00
3.137567341327667236e+00
4.310904741287231445e+00
4.188508838415145874e+00
3.196518495678901672e+00
4.260791242122650146e+00
4.833761453628540039e+00
3.607835397124290466e+00
4.776795953512191772e+00
3.921900242567062378e+00
3.051935546100139618e+00
4.186941236257553101e+00
3.224838152527809143e+00
3.964202404022216797e+00
4.404453337192535400e+00
3.802905082702636719e+00
3.479505479335784912e+00
3.532228469848632812e+00
4.039966166019439697e+00
3.856505304574966431e+00
3.728238344192504883e+00
3.144353181123733521e+00
4.321825653314590454e+00
3.834231346845626831e+00
3.574912846088409424e+00
3.722064122557640076e+00
3.087204396724700928e+00
3.114816024899482727e+00
3.835664093494415283e+00
3.402977660298347473e+00
3.319806903600692749e+00
3.466693162918090820e+00
3.482785895466804504e+00
3.792221993207931519e+00
3.264875486493110657e+00
3.605085983872413635e+00
3.244222253561019897e+00
2.751778252422809601e+00
3.564250096678733826e+00
3.568475916981697083e+00
3.245798051357269287e+00
3.561071678996086121e+00
3.979651778936386108e+00
4.017830789089202881e+00
3.835236132144927979e+00
3.565047308802604675e+00
3.917967677116394043e+00
3.984403163194656372e+00
4.223732203245162964e+00
4.219381213188171387e+00
3.008309304714202881e+00
3.896435946226119995e+00
4.005313813686370850e+00
3.283878490328788757e+00
3.708888739347457886e+00
3.708299621939659119e+00
3.266270384192466736e+00
3.378187045454978943e+00
3.261997178196907043e+00
2.948586568236351013e+00
4.192434549331665039e+00
3.971404731273651123e+00
4.076027721166610718e+00
4.019372314214706421e+00
3.426842987537384033e+00
3.044330924749374390e+00
3.917790353298187256e+00
3.078952841460704803e+00
3.597244024276733398e+00
3.692221716046333313e+00
4.040436744689941406e+00
3.714382201433181763e+00
3.617622032761573792e+00
4.633581936359405518e+00
3.927177041769027710e+00
3.336563855409622192e+00
3.005292825400829315e+00
3.770210742950439453e+00
3.638718873262405396e+00
3.838798850774765015e+00
2.688831277191638947e+00
4.266059100627899170e+00
3.505803644657135010e+00
3.580877855420112610e+00
2.654027370736002922e+00
3.467038869857788086e+00
4.235243499279022217e+00
4.532921612262725830e+00
4.059519469738006592e+00
2.815265432000160217e+00
2.978333644568920135e+00
3.750051707029342651e+00
3.262361288070678711e+00
2.269399575889110565e+00
3.213708475232124329e+00
2.750032097101211548e+00
3.197608292102813721e+00
3.367374539375305176e+00
3.254372403025627136e+00
2.796681281179189682e+00
2.964280024170875549e+00
2.709926161915063858e+00
3.261891901493072510e+00
3.586076423525810242e+00
2.124359942972660065e+00
2.691122107207775116e+00
3.619043007493019104e+00
3.269469812512397766e+00
2.781161144375801086e+00
3.198140561580657959e+00
3.945098072290420532e+00
3.302321508526802063e+00
3.787378221750259399e+00
3.504166752099990845e+00
2.791947741061449051e+00
3.450535908341407776e+00
3.678475543856620789e+00
3.934829235076904297e+00
2.601062012836337090e+00
3.706651702523231506e+00
3.868257999420166016e+00
3.434236347675323486e+00
3.557651489973068237e+00
3.197672367095947266e+00
2.891987077891826630e+00
3.188849836587905884e+00
3.204531595110893250e+00
3.221583068370819092e+00
3.425009846687316895e+00
3.759285360574722290e+00
3.482758551836013794e+00
2.590322932228446007e+00
3.397677391767501831e+00
2.714425344020128250e+00
2.387542212381958961e+00
3.459461331367492676e+00
3.613861128687858582e+00
2.971211150288581848e+00
4.037043154239654541e+00
3.283637315034866333e+00
3.702720627188682556e+00
2.799640092998743057e+00
3.821826279163360596e+00
3.538403660058975220e+00
2.916019000113010406e+00
3.907044529914855957e+00
3.203864470124244690e+00
2.860435135662555695e+00
2.753099091351032257e+00
2.926844172179698944e+00
3.602889180183410645e+00
3.483049720525741577e+00
2.717756833881139755e+00
3.103234581649303436e+00
3.223522976040840149e+00
2.773965615779161453e+00
3.867322802543640137e+00
2.763945683836936951e+00
3.333828896284103394e+00
3.775280117988586426e+00
3.454708382487297058e+00
3.387774229049682617e+00
3.377727344632148743e+00
2.627900307998061180e+00
3.773674964904785156e+00
2.928348742425441742e+00
3.418865501880645752e+00
2.869558110833168030e+00
3.279341012239456177e+00
3.379585221409797668e+00
3.584159687161445618e+00
3.017643615603446960e+00
3.660609573125839233e+00
2.541466122493147850e+00
3.008127175271511078e+00
2.985575497150421143e+00
2.883524745702743530e+00
3.147078081965446472e+00
3.101293779909610748e+00
4.072040170431137085e+00
3.073696903884410858e+00
2.584233256056904793e+00
2.782879993319511414e+00
3.667963817715644836e+00
3.250028267502784729e+00
4.009588956832885742e+00
3.358322754502296448e+00
4.066264629364013672e+00
3.714534193277359009e+00
3.371971398591995239e+00
3.395960405468940735e+00
3.549547642469406128e+00
2.815768718719482422e+00
2.748467214405536652e+00
3.295058608055114746e+00
3.096283860504627228e+00
3.327173814177513123e+00
3.671676367521286011e+00
2.953745350241661072e+00
3.216653093695640564e+00
2.827917449176311493e+00
3.659326955676078796e+00
2.851523831486701965e+00
3.459982797503471375e+00
2.930556423962116241e+00
3.659139722585678101e+00
3.545442000031471252e+00
4.128452390432357788e+00
3.189657777547836304e+00
2.774961218237876892e+00
2.730910480022430420e+00
2.371651250869035721e+00
3.403043523430824280e+00
2.711535785347223282e+00
3.201454803347587585e+00
2.872352749109268188e+00
2.941568307578563690e+00
3.274897113442420959e+00
2.640226418152451515e+00
3.512861505150794983e+00
3.460562601685523987e+00
3.230038881301879883e+00
3.078290000557899475e+00
2.640676833689212799e+00
3.559267148375511169e+00
2.763924207538366318e+00
3.096039406955242157e+00
2.814901955425739288e+00
2.930337190628051758e+00
3.710350543260574341e+00
3.433789908885955811e+00
3.782754689455032349e+00
3.455563932657241821e+00
3.403067663311958313e+00
2.866681590676307678e+00
3.205598220229148865e+00
3.601663261651992798e+00
3.684657514095306396e+00
3.146361485123634338e+00
3.865250051021575928e+00
3.854957222938537598e+00
3.305939957499504089e+00
2.823971286416053772e+00
4.132264554500579834e+00
2.636288180947303772e+00
2.587952194735407829e+00
2.484523379243910313e+00
3.323940411210060120e+00
2.739335801452398300e+00
2.530001178383827209e+00
3.102647140622138977e+00
3.022051639854907990e+00
3.371352031826972961e+00
3.349178656935691833e+00
3.311281353235244751e+00
3.538702949881553650e+00
3.462339490652084351e+00
3.648779764771461487e+00
3.492124825716018677e+00
2.762264851480722427e+00
3.218631446361541748e+00
2.622143644839525223e+00
3.700220733880996704e+00
2.659063786268234253e+00
2.769417297095060349e+00
3.490444943308830261e+00
2.671722471714019775e+00
3.187218010425567627e+00
3.264363557100296021e+00
3.209839984774589539e+00
3.220402449369430542e+00
2.796004600822925568e+00
3.616417571902275085e+00
3.535219654440879822e+00
2.429636758752167225e+00
2.473324518650770187e+00
4.075378626585006714e+00
2.803550735116004944e+00
2.435371358878910542e+00
2.954336330294609070e+00
3.594779595732688904e+00
3.403584808111190796e+00
2.439851132221519947e+00
3.445332273840904236e+00
2.706900704652070999e+00
2.942058704793453217e+00
3.479385226964950562e+00
2.257844414561986923e+00
