4.873423278331756592e+00
4.400036931037902832e+00
4.836923182010650635e+00
4.841444343328475952e+00
4.809814244508743286e+00
4.896171241998672485e+00
4.660147279500961304e+00
4.835726469755172729e+00
4.873080849647521973e+00
4.981171041727066040e+00
4.874244481325149536e+00
4.621770679950714111e+00
4.684049338102340698e+00
4.660888165235519409e+00
4.667145460844039917e+00
5.000000298023223877e+00
4.601781219244003296e+00
4.930118322372436523e+00
4.354310482740402222e+00
4.831431806087493896e+00
4.680644124746322632e+00
4.857054352760314941e+00
4.853424578905105591e+00
4.568721055984497070e+00
4.819759875535964966e+00
4.948228001594543457e+00
4.822199344635009766e+00
4.903356730937957764e+00
4.846910387277603149e+00
4.774895012378692627e+00
4.861510545015335083e+00
5.000000000000000000e+00
4.720644056797027588e+00
4.458499997854232788e+00
4.653587043285369873e+00
4.890210479497909546e+00
4.969590604305267334e+00
4.490829557180404663e+00
4.269154816865921021e+00
4.929915517568588257e+00
4.647730439901351929e+00
4.809641391038894653e+00
4.848965406417846680e+00
4.765453338623046875e+00
4.883911758661270142e+00
4.396459162235260010e+00
4.999999701976776123e+00
4.957560300827026367e+00
4.657619446516036987e+00
4.342678785324096680e+00
4.853931516408920288e+00
4.847998172044754028e+00
4.923235923051834106e+00
4.991532266139984131e+00
4.216656386852264404e+00
4.794879704713821411e+00
4.783257544040679932e+00
5.000000000000000000e+00
4.927714616060256958e+00
4.663140922784805298e+00
4.816867709159851074e+00
4.365097731351852417e+00
4.869519323110580444e+00
4.568669795989990234e+00
4.231100678443908691e+00
4.785494506359100342e+00
4.752087444067001343e+00
4.766611903905868530e+00
4.968332797288894653e+00
4.997185021638870239e+00
5.000000000000000000e+00
4.944202899932861328e+00
4.886224865913391113e+00
4.902229458093643188e+00
4.513097703456878662e+00
4.828003197908401489e+00
4.859656542539596558e+00
4.890252500772476196e+00
4.705302566289901733e+00
4.863158464431762695e+00
4.914000332355499268e+00
4.910858869552612305e+00
4.884020090103149414e+00
4.926895499229431152e+00
4.999999850988388062e+00
4.790414720773696899e+00
4.786471277475357056e+00
4.675817936658859253e+00
4.425576627254486084e+00
4.730579257011413574e+00
4.196368455886840820e+00
4.892299175262451172e+00
4.594280123710632324e+00
4.447960257530212402e+00
4.731333553791046143e+00
4.970469027757644653e+00
4.678623676300048828e+00
4.870600849390029907e+00
4.920480549335479736e+00
4.513758718967437744e+00
4.564692527055740356e+00
4.877572953701019287e+00
4.759467244148254395e+00
4.970470815896987915e+00
4.821237921714782715e+00
4.677721858024597168e+00
4.879259318113327026e+00
4.854331612586975098e+00
4.557633399963378906e+00
4.844264090061187744e+00
4.718732833862304688e+00
4.625107795000076294e+00
4.826236814260482788e+00
4.878782927989959717e+00
4.912111461162567139e+00
4.999999850988388062e+00
4.558109939098358154e+00
4.489843249320983887e+00
3.951027989387512207e+00
4.878228753805160522e+00
4.909581691026687622e+00
4.962528944015502930e+00
4.864324182271957397e+00
4.807626456022262573e+00
4.153516739606857300e+00
4.231893122196197510e+00
4.643360823392868042e+00
4.952238351106643677e+00
4.851673990488052368e+00
4.065204560756683350e+00
4.731411635875701904e+00
4.566799849271774292e+00
4.830260872840881348e+00
4.936282634735107422e+00
4.661484211683273315e+00
3.701736405491828918e+00
4.644570201635360718e+00
4.732261002063751221e+00
4.604601263999938965e+00
4.899472743272781372e+00
4.661374688148498535e+00
4.881811141967773438e+00
4.617640227079391479e+00
4.293497204780578613e+00
3.971294611692428589e+00
4.814965724945068359e+00
4.623409062623977661e+00
4.617571234703063965e+00
4.707960188388824463e+00
4.971041232347488403e+00
4.131282866001129150e+00
4.756046533584594727e+00
4.948186576366424561e+00
4.918342530727386475e+00
4.932060390710830688e+00
4.454666525125503540e+00
4.359888881444931030e+00
4.861739873886108398e+00
4.835124462842941284e+00
4.852937310934066772e+00
4.731089621782302856e+00
4.678447842597961426e+00
4.477028548717498779e+00
4.225724786520004272e+00
4.794524610042572021e+00
4.621099829673767090e+00
4.950259327888488770e+00
4.884238541126251221e+00
4.859558343887329102e+00
4.542298167943954468e+00
4.806091487407684326e+00
4.908038079738616943e+00
4.882909059524536133e+00
4.829178452491760254e+00
4.457468837499618530e+00
4.726879447698593140e+00
4.851043969392776489e+00
4.809969216585159302e+00
4.774033278226852417e+00
4.622585177421569824e+00
4.598688185214996338e+00
4.172527343034744263e+00
4.649108499288558960e+00
4.697651565074920654e+00
4.732046723365783691e+00
4.737052619457244873e+00
4.377147406339645386e+00
4.527895152568817139e+00
4.505304098129272461e+00
4.687431305646896362e+00
4.234580248594284058e+00
4.806274026632308960e+00
4.762269556522369385e+00
4.916200488805770874e+00
4.472386687994003296e+00
4.884271919727325439e+00
4.546220004558563232e+00
4.896934926509857178e+00
4.903136491775512695e+00
4.667245745658874512e+00
4.731067866086959839e+00
4.716199636459350586e+00
3.794834166765213013e+00
3.843426406383514404e+00
4.020896106958389282e+00
4.885151982307434082e+00
4.444711953401565552e+00
4.499526172876358032e+00
4.818506836891174316e+00
4.435674399137496948e+00
4.420676082372665405e+00
4.475274682044982910e+00
4.636415392160415649e+00
4.771032333374023438e+00
4.717916846275329590e+00
4.571630507707595825e+00
4.522782713174819946e+00
4.094716161489486694e+00
4.899855554103851318e+00
4.502184092998504639e+00
4.671899229288101196e+00
4.709899574518203735e+00
4.143412560224533081e+00
3.937080651521682739e+00
4.891010373830795288e+00
4.795925319194793701e+00
4.707898199558258057e+00
4.918432831764221191e+00
3.800218403339385986e+00
4.916375726461410522e+00
4.696006476879119873e+00
4.606609195470809937e+00
4.127985388040542603e+00
4.164636284112930298e+00
4.956584125757217407e+00
4.882654696702957153e+00
4.295876324176788330e+00
4.437309503555297852e+00
4.656703323125839233e+00
4.651203304529190063e+00
4.598725736141204834e+00
3.918844014406204224e+00
4.960546344518661499e+00
3.902025967836380005e+00
4.805500358343124390e+00
4.184781610965728760e+00
4.451265484094619751e+00
3.974938243627548218e+00
4.405138939619064331e+00
4.868736565113067627e+00
4.719372987747192383e+00
4.689977616071701050e+00
4.395499825477600098e+00
4.884894043207168579e+00
4.787052869796752930e+00
4.180568903684616089e+00
4.466312825679779053e+00
4.312966763973236084e+00
3.800015896558761597e+00
3.614638149738311768e+00
4.669181406497955322e+00
4.935376346111297607e+00
4.720783531665802002e+00
4.529708623886108398e+00
4.024275392293930054e+00
4.682103842496871948e+00
4.700389206409454346e+00
3.987639695405960083e+00
4.941920787096023560e+00
4.213087707757949829e+00
4.756712019443511963e+00
4.892619997262954712e+00
4.148148745298385620e+00
4.834769964218139648e+00
4.571391642093658447e+00
4.723470956087112427e+00
4.152743518352508545e+00
3.549330458045005798e+00
4.367659837007522583e+00
4.420504868030548096e+00
4.154713302850723267e+00
4.293417632579803467e+00
4.691601246595382690e+00
4.593663960695266724e+00
4.842679351568222046e+00
4.732263684272766113e+00
4.544984847307205200e+00
4.677990078926086426e+00
4.599817991256713867e+00
4.090317636728286743e+00
4.145933091640472412e+00
4.312878847122192383e+00
4.460998326539993286e+00
4.189260005950927734e+00
4.474574178457260132e+00
4.855690449476242065e+00
3.707175478339195251e+00
4.612452536821365356e+00
4.094208180904388428e+00
4.528015553951263428e+00
3.700056001543998718e+00
3.915176093578338623e+00
4.586765766143798828e+00
4.311123937368392944e+00
4.664709270000457764e+00
4.851101338863372803e+00
4.155093580484390259e+00
4.166406989097595215e+00
4.270119816064834595e+00
4.593526124954223633e+00
4.843900650739669800e+00
4.915061444044113159e+00
4.532947987318038940e+00
4.224442392587661743e+00
4.303267598152160645e+00
4.543116539716720581e+00
3.935865163803100586e+00
4.697751700878143311e+00
3.759274482727050781e+00
4.803595095872879028e+00
4.578367620706558228e+00
3.715628534555435181e+00
4.672520756721496582e+00
4.570963680744171143e+00
4.099349677562713623e+00
4.394317120313644409e+00
4.048207402229309082e+00
3.989593237638473511e+00
4.649543315172195435e+00
4.702841639518737793e+00
4.878343641757965088e+00
4.863266497850418091e+00
4.618511199951171875e+00
4.400538951158523560e+00
4.529464244842529297e+00
3.991631716489791870e+00
4.502678960561752319e+00
4.684269577264785767e+00
4.324932992458343506e+00
4.874331057071685791e+00
4.848944246768951416e+00
4.804409295320510864e+00
4.128374159336090088e+00
4.409799724817276001e+00
4.864449054002761841e+00
4.600153565406799316e+00
4.283764511346817017e+00
4.471623897552490234e+00
4.340201765298843384e+00
4.369230568408966064e+00
4.662761986255645752e+00
4.757822751998901367e+00
4.763035476207733154e+00
4.349717348814010620e+00
4.878786951303482056e+00
4.757616966962814331e+00
4.399905502796173096e+00
4.567821025848388672e+00
4.406295418739318848e+00
4.387054592370986938e+00
3.803011626005172729e+00
4.483353644609451294e+00
4.509400725364685059e+00
4.582397937774658203e+00
2.902689091861248016e+00
4.276885092258453369e+00
4.068205952644348145e+00
3.491180464625358582e+00
4.632819890975952148e+00
4.240391403436660767e+00
4.515712261199951172e+00
4.633852690458297729e+00
3.879044651985168457e+00
4.905701130628585815e+00
4.684337824583053589e+00
4.745998084545135498e+00
4.817645996809005737e+00
4.731082767248153687e+00
4.478679597377777100e+00
3.957268148660659790e+00
4.400174021720886230e+00
4.777923673391342163e+00
4.571567326784133911e+00
4.201253950595855713e+00
4.367147088050842285e+00
4.723376482725143433e+00
4.416243433952331543e+00
4.630721360445022583e+00
4.646871387958526611e+00
4.462472349405288696e+00
4.474393427371978760e+00
4.271480590105056763e+00
4.343140572309494019e+00
4.942255616188049316e+00
4.712929129600524902e+00
4.196414500474929810e+00
4.682860821485519409e+00
4.493370056152343750e+00
3.796141445636749268e+00
4.691132009029388428e+00
4.026204496622085571e+00
4.653283655643463135e+00
4.099042713642120361e+00
4.434483200311660767e+00
4.606483280658721924e+00
4.876642674207687378e+00
4.723011553287506104e+00
2.981689609587192535e+00
4.519411921501159668e+00
4.759464263916015625e+00
4.793737381696701050e+00
3.998763561248779297e+00
4.713869243860244751e+00
4.370222538709640503e+00
4.486707299947738647e+00
4.369071871042251587e+00
4.462833851575851440e+00
4.082935452461242676e+00
4.542594254016876221e+00
4.294391125440597534e+00
4.777876287698745728e+00
4.336276054382324219e+00
3.402803912758827209e+00
3.990633040666580200e+00
4.408007413148880005e+00
3.825951963663101196e+00
4.215365797281265259e+00
4.709805697202682495e+00
4.860384017229080200e+00
3.971874415874481201e+00
4.771556705236434937e+00
4.514129608869552612e+00
4.202107936143875122e+00
3.634026423096656799e+00
4.625890552997589111e+00
3.928109854459762573e+00
4.514496028423309326e+00
3.317119851708412170e+00
4.463948309421539307e+00
4.657633006572723389e+00
4.222476184368133545e+00
4.832109361886978149e+00
4.452981948852539062e+00
4.535181522369384766e+00
4.358151853084564209e+00
4.344408065080642700e+00
4.234040826559066772e+00
4.456532299518585205e+00
4.841989427804946899e+00
3.589462861418724060e+00
4.772808402776718140e+00
4.876022934913635254e+00
3.446676954627037048e+00
4.599936902523040771e+00
4.716577529907226562e+00
4.933033585548400879e+00
4.567234814167022705e+00
4.328748285770416260e+00
4.227564334869384766e+00
4.160696864128112793e+00
3.881900608539581299e+00
3.426226451992988586e+00
4.413283467292785645e+00
3.614334017038345337e+00
4.190106689929962158e+00
4.738113135099411011e+00
4.176918566226959229e+00
4.479252547025680542e+00
4.923139959573745728e+00
4.291197657585144043e+00
4.510281831026077271e+00
4.395385831594467163e+00
4.757467210292816162e+00
4.760700911283493042e+00
4.639700800180435181e+00
3.366989716887474060e+00
4.685631096363067627e+00
4.119456857442855835e+00
4.013444930315017700e+00
3.685686662793159485e+00
4.104101508855819702e+00
4.104962646961212158e+00
4.932348877191543579e+00
4.069189280271530151e+00
4.042955338954925537e+00
3.713933303952217102e+00
4.598153531551361084e+00
4.391189068555831909e+00
4.294190853834152222e+00
4.276103377342224121e+00
4.432849138975143433e+00
3.700014576315879822e+00
4.057717621326446533e+00
4.145124256610870361e+00
4.295665323734283447e+00
4.565572589635848999e+00
4.629120528697967529e+00
4.187812060117721558e+00
4.689292758703231812e+00
3.675410076975822449e+00
3.390369713306427002e+00
3.910614252090454102e+00
3.817558586597442627e+00
4.871603995561599731e+00
3.714151009917259216e+00
4.519432187080383301e+00
4.315148293972015381e+00
4.259008169174194336e+00
4.238755553960800171e+00
4.828758090734481812e+00
4.375062733888626099e+00
4.790745377540588379e+00
4.035262018442153931e+00
4.072729051113128662e+00
3.746753782033920288e+00
4.683455973863601685e+00
4.739027172327041626e+00
4.813348203897476196e+00
3.924757540225982666e+00
3.529259264469146729e+00
3.819798529148101807e+00
3.398059755563735962e+00
4.875749349594116211e+00
4.426827579736709595e+00
4.488495588302612305e+00
3.737511038780212402e+00
3.346148952841758728e+00
4.607556760311126709e+00
4.491982161998748779e+00
4.418048709630966187e+00
3.596564382314682007e+00
4.491107761859893799e+00
4.196464419364929199e+00
4.198265671730041504e+00
3.398951143026351929e+00
4.293883740901947021e+00
3.945494443178176880e+00
4.846584349870681763e+00
4.125035703182220459e+00
4.729430377483367920e+00
3.805390894412994385e+00
3.947100043296813965e+00
3.383539021015167236e+00
2.862008139491081238e+00
3.706363961100578308e+00
4.504468739032745361e+00
3.779149949550628662e+00
4.089561551809310913e+00
4.195150434970855713e+00
4.469861537218093872e+00
4.639145135879516602e+00
4.579954147338867188e+00
4.829661101102828979e+00
3.881416618824005127e+00
4.439830482006072998e+00
4.681152105331420898e+00
3.450816273689270020e+00
4.260674118995666504e+00
4.836775213479995728e+00
4.341146349906921387e+00
4.456592798233032227e+00
4.699040353298187256e+00
4.775822758674621582e+00
4.440799206495285034e+00
4.214552789926528931e+00
4.222521334886550903e+00
4.251987785100936890e+00
4.677286446094512939e+00
4.601600915193557739e+00
4.154944866895675659e+00
3.916606605052947998e+00
3.716072440147399902e+00
3.734512999653816223e+00
4.576480984687805176e+00
4.220389723777770996e+00
4.644002318382263184e+00
3.749774321913719177e+00
4.559331685304641724e+00
4.067497849464416504e+00
3.535705581307411194e+00
4.126490950584411621e+00
4.240806400775909424e+00
4.256099015474319458e+00
3.998160958290100098e+00
3.617308586835861206e+00
4.321557134389877319e+00
4.119642227888107300e+00
3.958493173122406006e+00
4.139629751443862915e+00
4.092297703027725220e+00
4.050279110670089722e+00
3.443351462483406067e+00
4.119285941123962402e+00
4.275829792022705078e+00
2.981090471148490906e+00
4.106052517890930176e+00
3.172022402286529541e+00
3.280495181679725647e+00
4.360538125038146973e+00
4.103279113769531250e+00
3.557970598340034485e+00
2.930786386132240295e+00
3.705270141363143921e+00
4.126627892255783081e+00
3.638900369405746460e+00
4.031338244676589966e+00
4.469020962715148926e+00
3.887581676244735718e+00
4.627767056226730347e+00
4.272883236408233643e+00
3.191027715802192688e+00
4.119403064250946045e+00
4.030368626117706299e+00
4.247415065765380859e+00
3.818265646696090698e+00
3.394546881318092346e+00
4.497710913419723511e+00
4.085392206907272339e+00
4.440334439277648926e+00
3.757022023200988770e+00
3.470987901091575623e+00
2.936047017574310303e+00
4.623484611511230469e+00
4.309366345405578613e+00
2.735495921224355698e+00
4.461511373519897461e+00
3.031406514346599579e+00
3.432645648717880249e+00
4.265375137329101562e+00
3.630684614181518555e+00
4.774203598499298096e+00
3.925527632236480713e+00
4.052644968032836914e+00
3.744218423962593079e+00
2.947315573692321777e+00
4.245937466621398926e+00
3.263004049658775330e+00
3.461996391415596008e+00
4.139732271432876587e+00
3.921622335910797119e+00
3.962687104940414429e+00
4.217535555362701416e+00
3.359138220548629761e+00
3.599096909165382385e+00
3.673384338617324829e+00
3.839363008737564087e+00
4.565132111310958862e+00
4.294982999563217163e+00
3.765748143196105957e+00
4.174398928880691528e+00
4.562851339578628540e+00
4.176898151636123657e+00
4.363720715045928955e+00
4.256462603807449341e+00
4.007007628679275513e+00
4.093010276556015015e+00
3.391059786081314087e+00
3.004416674375534058e+00
4.553779512643814087e+00
3.429972156882286072e+00
3.273880928754806519e+00
4.012377709150314331e+00
3.567753508687019348e+00
4.371446967124938965e+00
3.539457991719245911e+00
4.618990272283554077e+00
4.667724967002868652e+00
2.532637715339660645e+00
4.109415858983993530e+00
3.349542021751403809e+00
3.772106766700744629e+00
4.234609156847000122e+00
4.181037843227386475e+00
4.097013622522354126e+00
4.053855091333389282e+00
4.441874027252197266e+00
3.947291970252990723e+00
3.930658996105194092e+00
4.346545189619064331e+00
3.452246561646461487e+00
3.868402987718582153e+00
4.139637500047683716e+00
3.977126777172088623e+00
3.659274354577064514e+00
4.043771475553512573e+00
4.619344919919967651e+00
3.418644443154335022e+00
4.413771927356719971e+00
3.652353063225746155e+00
3.706884160637855530e+00
3.341738060116767883e+00
3.046602234244346619e+00
3.464584946632385254e+00
4.490358084440231323e+00
4.445852488279342651e+00
4.049120247364044189e+00
4.536831974983215332e+00
3.890959620475769043e+00
4.080195873975753784e+00
3.576096892356872559e+00
2.893604859709739685e+00
3.616130128502845764e+00
3.934770077466964722e+00
3.353077098727226257e+00
4.900946021080017090e+00
3.845455944538116455e+00
4.504869729280471802e+00
3.560590967535972595e+00
3.506263718008995056e+00
3.413899391889572144e+00
4.019235670566558838e+00
4.166838973760604858e+00
4.758815318346023560e+00
3.585820421576499939e+00
3.493190109729766846e+00
3.790326416492462158e+00
3.591090813279151917e+00
3.017744272947311401e+00
4.500911682844161987e+00
3.537823557853698730e+00
4.024252295494079590e+00
3.951421380043029785e+00
4.594104588031768799e+00
3.929303437471389771e+00
4.584574103355407715e+00
4.051794260740280151e+00
3.664234951138496399e+00
3.415235430002212524e+00
4.320883899927139282e+00
4.050910770893096924e+00
4.103238135576248169e+00
4.622480422258377075e+00
2.828647568821907043e+00
3.059201426804065704e+00
3.889083117246627808e+00
4.139494597911834717e+00
3.111041858792304993e+00
3.668674007058143616e+00
3.896657824516296387e+00
4.477566331624984741e+00
4.007059484720230103e+00
3.779733180999755859e+00
4.264655560255050659e+00
3.579148352146148682e+00
3.561870008707046509e+00
4.343708455562591553e+00
4.023310095071792603e+00
3.135159015655517578e+00
3.170449808239936829e+00
3.765637129545211792e+00
4.529754221439361572e+00
4.096896946430206299e+00
3.869084268808364868e+00
3.075014874339103699e+00
2.931018136441707611e+00
3.862487226724624634e+00
3.823960721492767334e+00
3.896097093820571899e+00
3.609471693634986877e+00
4.179547280073165894e+00
4.326154291629791260e+00
3.625747039914131165e+00
3.808337897062301636e+00
3.766961395740509033e+00
3.389015644788742065e+00
3.260104805231094360e+00
3.400907889008522034e+00
4.308349341154098511e+00
4.881620407104492188e+00
2.536036444362252951e+00
4.068283289670944214e+00
2.676053699105978012e+00
4.032979309558868408e+00
3.920957595109939575e+00
4.189835190773010254e+00
3.344296813011169434e+00
3.522364199161529541e+00
4.105178117752075195e+00
3.909057378768920898e+00
3.917906880378723145e+00
3.305291458964347839e+00
2.352894032374024391e+00
3.834137320518493652e+00
3.194403573870658875e+00
4.092675000429153442e+00
3.241030871868133545e+00
4.441854059696197510e+00
3.225925639271736145e+00
3.321136832237243652e+00
3.643174991011619568e+00
4.224157780408859253e+00
4.101684093475341797e+00
3.273038119077682495e+00
2.752780523151159286e+00
3.835899084806442261e+00
4.839967638254165649e+00
3.957959562540054321e+00
4.086698442697525024e+00
4.232376664876937866e+00
3.562038168311119080e+00
3.276110887527465820e+00
4.632543772459030151e+00
4.958617687225341797e+00
4.063404798507690430e+00
4.072586745023727417e+00
4.760374724864959717e+00
4.790041297674179077e+00
5.000000000000000000e+00
3.520138561725616455e+00
3.617199882864952087e+00
4.275934845209121704e+00
5.000000000000000000e+00
4.641795754432678223e+00
3.553756922483444214e+00
3.827725201845169067e+00
4.955003112554550171e+00
4.584594517946243286e+00
4.125908464193344116e+00
4.989294111728668213e+00
4.896640181541442871e+00
4.239622205495834351e+00
4.832984209060668945e+00
3.929010778665542603e+00
3.695902302861213684e+00
4.916566014289855957e+00
3.688701391220092773e+00
3.687178716063499451e+00
4.088983535766601562e+00
4.148901104927062988e+00
3.295415416359901428e+00
4.077850133180618286e+00
4.354560375213623047e+00
3.201391100883483887e+00
4.722741842269897461e+00
3.386743441224098206e+00
4.254134595394134521e+00
4.538460969924926758e+00
3.934010714292526245e+00
3.679373860359191895e+00
4.873043149709701538e+00
4.907138794660568237e+00
4.201851636171340942e+00
4.060540348291397095e+00
4.446498900651931763e+00
3.176366835832595825e+00
4.058568924665451050e+00
4.286985844373703003e+00
3.659183308482170105e+00
3.072751462459564209e+00
3.937185704708099365e+00
3.843464255332946777e+00
4.746774733066558838e+00
4.268619269132614136e+00
4.507929235696792603e+00
3.574399650096893311e+00
3.786677718162536621e+00
3.512397110462188721e+00
4.901094585657119751e+00
4.832156747579574585e+00
4.776203185319900513e+00
4.614172875881195068e+00
3.341761752963066101e+00
3.512292355298995972e+00
3.826193660497665405e+00
4.787080287933349609e+00
3.752602189779281616e+00
3.428309410810470581e+00
4.438528567552566528e+00
4.542868435382843018e+00
4.762814044952392578e+00
3.505032956600189209e+00
4.631633907556533813e+00
4.937990754842758179e+00
4.721452146768569946e+00
4.884905070066452026e+00
4.151547253131866455e+00
4.158540219068527222e+00
4.614276289939880371e+00
3.920297771692276001e+00
3.859692364931106567e+00
3.176314234733581543e+00
3.908950835466384888e+00
3.988775163888931274e+00
3.752648681402206421e+00
4.105108827352523804e+00
3.584906309843063354e+00
3.156303986907005310e+00
2.882339768111705780e+00
4.475390017032623291e+00
4.939770698547363281e+00
3.148291483521461487e+00
3.336807042360305786e+00
4.026585668325424194e+00
3.824930787086486816e+00
4.235382527112960815e+00
3.056787140667438507e+00
4.358689934015274048e+00
4.130912125110626221e+00
4.090929478406906128e+00
3.805460184812545776e+00
4.858404099941253662e+00
4.758380800485610962e+00
4.286388754844665527e+00
4.157532304525375366e+00
4.348320066928863525e+00
4.568911790847778320e+00
4.854271262884140015e+00
3.842909783124923706e+00
4.286601692438125610e+00
3.268840536475181580e+00
2.936792075634002686e+00
4.056269228458404541e+00
3.459666892886161804e+00
4.503369033336639404e+00
4.660869538784027100e+00
3.788304179906845093e+00
3.339013382792472839e+00
4.622181802988052368e+00
4.013556689023971558e+00
3.833506256341934204e+00
3.636294826865196228e+00
3.554693609476089478e+00
4.042486548423767090e+00
3.770387321710586548e+00
4.174463599920272827e+00
4.094287604093551636e+00
4.431996345520019531e+00
4.672506749629974365e+00
4.224075078964233398e+00
4.749283790588378906e+00
4.438136070966720581e+00
4.489272087812423706e+00
4.417416751384735107e+00
4.311554282903671265e+00
3.779884874820709229e+00
4.116364121437072754e+00
4.326060265302658081e+00
4.614084362983703613e+00
4.003952443599700928e+00
4.250207543373107910e+00
3.852027356624603271e+00
3.148816972970962524e+00
4.313757866621017456e+00
2.967388778924942017e+00
4.197023808956146240e+00
4.637332558631896973e+00
4.749964773654937744e+00
2.845777459442615509e+00
3.581687435507774353e+00
4.258319586515426636e+00
4.347453415393829346e+00
4.103882610797882080e+00
4.361811131238937378e+00
4.756028503179550171e+00
4.496372789144515991e+00
4.093982428312301636e+00
4.483178853988647461e+00
3.939732909202575684e+00
3.204214349389076233e+00
4.390800446271896362e+00
4.663076847791671753e+00
4.685356765985488892e+00
4.462181925773620605e+00
4.898864924907684326e+00
4.933008551597595215e+00
3.602762222290039062e+00
3.752183914184570312e+00
3.600912541151046753e+00
3.401073664426803589e+00
4.747778326272964478e+00
3.924448490142822266e+00
3.662100136280059814e+00
4.224403500556945801e+00
3.037134259939193726e+00
4.671965241432189941e+00
4.193487018346786499e+00
4.934061169624328613e+00
4.324252754449844360e+00
4.533149749040603638e+00
3.752678632736206055e+00
4.198187887668609619e+00
3.940428346395492554e+00
3.749374970793724060e+00
4.078665673732757568e+00
4.112692475318908691e+00
3.734959810972213745e+00
3.990933150053024292e+00
3.834062516689300537e+00
4.005364775657653809e+00
4.085183441638946533e+00
4.289696961641311646e+00
3.816320896148681641e+00
4.689434915781021118e+00
3.820186108350753784e+00
3.030580803751945496e+00
4.470801055431365967e+00
3.856877833604812622e+00
3.529264554381370544e+00
3.599811494350433350e+00
3.934548050165176392e+00
4.164292067289352417e+00
3.718297556042671204e+00
4.629946053028106689e+00
3.668373525142669678e+00
3.461569547653198242e+00
2.262201961129903793e+00
3.878069519996643066e+00
4.121582657098770142e+00
3.516724407672882080e+00
3.774825930595397949e+00
4.004657715559005737e+00
3.730429261922836304e+00
3.937690407037734985e+00
4.052208513021469116e+00
4.572925120592117310e+00
4.442595988512039185e+00
4.414988011121749878e+00
4.005905240774154663e+00
4.286606609821319580e+00
4.493941515684127808e+00
3.450656086206436157e+00
4.776400774717330933e+00
4.405155926942825317e+00
3.567002266645431519e+00
3.280247896909713745e+00
3.630305007100105286e+00
3.779155313968658447e+00
3.575090244412422180e+00
2.765334453433752060e+00
3.013923615217208862e+00
2.403271570801734924e+00
4.606091678142547607e+00
3.928725272417068481e+00
3.447651267051696777e+00
3.878426104784011841e+00
3.600964248180389404e+00
3.523590341210365295e+00
3.733383566141128540e+00
3.638919964432716370e+00
3.219411820173263550e+00
4.281339347362518311e+00
3.858942985534667969e+00
4.571850895881652832e+00
3.897115439176559448e+00
3.596270903944969177e+00
4.723539352416992188e+00
3.633458167314529419e+00
3.511112034320831299e+00
2.998649626970291138e+00
4.149181246757507324e+00
4.324469864368438721e+00
4.475986212491989136e+00
3.311493247747421265e+00
4.126386046409606934e+00
4.103444367647171021e+00
4.252606481313705444e+00
3.286212161183357239e+00
3.484289944171905518e+00
4.261994361877441406e+00
3.655126690864562988e+00
4.524816125631332397e+00
4.375950098037719727e+00
3.664486482739448547e+00
3.790435940027236938e+00
4.713115990161895752e+00
3.468727990984916687e+00
4.130999594926834106e+00
4.638604819774627686e+00
3.951593190431594849e+00
4.631602764129638672e+00
3.625376746058464050e+00
3.389297723770141602e+00
4.449138343334197998e+00
4.043714106082916260e+00
3.749658390879631042e+00
2.848541177809238434e+00
3.504633978009223938e+00
4.030204862356185913e+00
4.297794848680496216e+00
3.194512128829956055e+00
3.245603889226913452e+00
3.601067438721656799e+00
4.692888706922531128e+00
4.854935705661773682e+00
3.576855733990669250e+00
4.414002746343612671e+00
3.070920854806900024e+00
3.382737487554550171e+00
3.959795683622360229e+00
3.849558830261230469e+00
3.558885455131530762e+00
2.361493334174156189e+00
3.227639645338058472e+00
3.985964804887771606e+00
4.126035124063491821e+00
4.504301548004150391e+00
3.577527776360511780e+00
3.555723652243614197e+00
3.421780169010162354e+00
3.326284363865852356e+00
3.619216009974479675e+00
4.451254606246948242e+00
3.222152069211006165e+00
4.084455370903015137e+00
4.530926793813705444e+00
4.401850551366806030e+00
4.112965464591979980e+00
3.298360183835029602e+00
3.205887898802757263e+00
3.874117285013198853e+00
3.839702755212783813e+00
4.338200092315673828e+00
3.413815647363662720e+00
3.475801944732666016e+00
3.460801318287849426e+00
3.450907915830612183e+00
4.373895376920700073e+00
3.931507319211959839e+00
4.057177603244781494e+00
3.884128183126449585e+00
4.352535456418991089e+00
3.153188899159431458e+00
3.169946670532226562e+00
3.113134205341339111e+00
3.844268023967742920e+00
4.380525052547454834e+00
3.822269141674041748e+00
3.992878198623657227e+00
3.912912607192993164e+00
4.262544959783554077e+00
3.948209583759307861e+00
3.016553148627281189e+00
3.303735181689262390e+00
3.568774238228797913e+00
2.966623678803443909e+00
3.930166661739349365e+00
2.779051270335912704e+00
3.602605685591697693e+00
3.351770490407943726e+00
3.732092976570129395e+00
3.813607692718505859e+00
4.103952646255493164e+00
3.889814317226409912e+00
3.754807859659194946e+00
4.368898123502731323e+00
3.748470991849899292e+00
3.780565857887268066e+00
4.166876971721649170e+00
2.419577045366168022e+00
4.080689400434494019e+00
4.257371723651885986e+00
3.632389158010482788e+00
3.993949145078659058e+00
2.792683150619268417e+00
3.396628051996231079e+00
3.585928231477737427e+00
4.148269146680831909e+00
4.001437872648239136e+00
4.065520763397216797e+00
4.373447149991989136e+00
4.162970036268234253e+00
4.148768186569213867e+00
3.149505481123924255e+00
3.886981010437011719e+00
3.880764693021774292e+00
2.923020906746387482e+00
3.007707707583904266e+00
3.811976164579391479e+00
3.040921837091445923e+00
3.049947693943977356e+00
3.024372421205043793e+00
3.375033065676689148e+00
3.231180459260940552e+00
4.006118774414062500e+00
3.077457174658775330e+00
3.922486007213592529e+00
3.111974708735942841e+00
3.690805360674858093e+00
2.866919822990894318e+00
3.247148916125297546e+00
3.777945041656494141e+00
2.571793091483414173e+00
3.516297042369842529e+00
4.262080788612365723e+00
3.800204098224639893e+00
4.617410898208618164e+00
4.389312863349914551e+00
3.695178702473640442e+00
2.232204768806695938e+00
2.988608442246913910e+00
3.591064512729644775e+00
3.555737510323524475e+00
3.371646404266357422e+00
4.377253055572509766e+00
4.079332947731018066e+00
3.147463202476501465e+00
3.955678343772888184e+00
4.045961797237396240e+00
3.748177662491798401e+00
2.322668153792619705e+00
3.430891036987304688e+00
4.462567716836929321e+00
2.955270186066627502e+00
3.644298464059829712e+00
4.341523349285125732e+00
2.986988201737403870e+00
4.263059943914413452e+00
3.402015864849090576e+00
3.088904879987239838e+00
2.822469361126422882e+00
4.152938723564147949e+00
2.902851365506649017e+00
3.990989178419113159e+00
3.864986151456832886e+00
3.267574831843376160e+00
3.856850266456604004e+00
4.200550317764282227e+00
3.571233749389648438e+00
4.677816182374954224e+00
4.470297545194625854e+00
3.380671888589859009e+00
4.176851361989974976e+00
3.210132047533988953e+00
4.424094855785369873e+00
4.066155999898910522e+00
3.433535248041152954e+00
3.354145660996437073e+00
3.669743165373802185e+00
4.391148537397384644e+00
2.693995982408523560e+00
4.142336547374725342e+00
2.530188292730599642e+00
2.945063635706901550e+00
3.849530816078186035e+00
2.784468512982130051e+00
3.069547638297080994e+00
3.283677846193313599e+00
3.316809535026550293e+00
3.426714017987251282e+00
3.052013255655765533e+00
3.421748355031013489e+00
3.591295480728149414e+00
4.219803214073181152e+00
3.194796890020370483e+00
3.428984358906745911e+00
2.987434826791286469e+00
2.287075836211442947e+00
3.096060939133167267e+00
3.754509091377258301e+00
3.971295058727264404e+00
3.499867990612983704e+00
3.954243957996368408e+00
2.388554913923144341e+00
3.884764760732650757e+00
4.452756643295288086e+00
4.001462161540985107e+00
3.609332591295242310e+00
4.104672670364379883e+00
3.737424388527870178e+00
3.131730034947395325e+00
2.663605026900768280e+00
3.657745048403739929e+00
3.780051171779632568e+00
2.910713925957679749e+00
3.547172024846076965e+00
3.762612640857696533e+00
3.418000489473342896e+00
3.464458733797073364e+00
3.276275843381881714e+00
3.243073672056198120e+00
4.278041124343872070e+00
4.246029108762741089e+00
3.433659225702285767e+00
4.060816317796707153e+00
3.499787226319313049e+00
2.413651840761303902e+00
3.448284640908241272e+00
2.378666102886199951e+00
3.006769903004169464e+00
3.185342028737068176e+00
3.772891312837600708e+00
3.688444048166275024e+00
3.498353064060211182e+00
4.504415541887283325e+00
3.856305032968521118e+00
2.944654226303100586e+00
2.911100834608078003e+00
2.611716454848647118e+00
3.563473373651504517e+00
4.080644249916076660e+00
2.947279587388038635e+00
4.141581654548645020e+00
3.179672732949256897e+00
3.022884614765644073e+00
2.290368545800447464e+00
3.479237109422683716e+00
4.055162221193313599e+00
4.588105231523513794e+00
3.742183595895767212e+00
2.956548593938350677e+00
2.601728476583957672e+00
3.049156852066516876e+00
2.877972908318042755e+00
2.376630669459700584e+00
2.432624809443950653e+00
3.070684708654880524e+00
4.051888883113861084e+00
2.919284217059612274e+00
3.224866166710853577e+00
2.813372015953063965e+00
2.777690123766660690e+00
2.166260108351707458e+00
2.516076271422207355e+00
3.162927776575088501e+00
2.539659803733229637e+00
3.123029880225658417e+00
3.454205989837646484e+00
3.490985408425331116e+00
2.586048878729343414e+00
3.471186384558677673e+00
3.631529361009597778e+00
3.025903254747390747e+00
3.482740968465805054e+00
2.453099400736391544e+00
2.625712761655449867e+00
3.185642212629318237e+00
3.362504467368125916e+00
2.943936847150325775e+00
2.473480640910565853e+00
3.882405012845993042e+00
3.485632315278053284e+00
3.507276177406311035e+00
2.591428505256772041e+00
2.689842786639928818e+00
2.582110045477747917e+00
3.765697777271270752e+00
3.315718919038772583e+00
3.025345206260681152e+00
2.869180440902709961e+00
3.679469823837280273e+00
3.638775721192359924e+00
2.634699735790491104e+00
2.973770722746849060e+00
3.055860698223114014e+00
2.396488077938556671e+00
2.997088506817817688e+00
2.377133527770638466e+00
2.510280534625053406e+00
2.993522249162197113e+00
3.441793322563171387e+00
3.829108476638793945e+00
3.019232079386711121e+00
2.919405736029148102e+00
3.060638904571533203e+00
3.403021395206451416e+00
4.108702689409255981e+00
3.296552002429962158e+00
3.053419962525367737e+00
2.623270181939005852e+00
3.049740754067897797e+00
3.101192601025104523e+00
3.467718437314033508e+00
2.698251195251941681e+00
4.019977748394012451e+00
2.482734757941216230e+00
3.031696267426013947e+00
2.926496602594852448e+00
2.961866408586502075e+00
3.066406697034835815e+00
3.783469945192337036e+00
3.223027214407920837e+00
3.048695959150791168e+00
3.803249150514602661e+00
3.165200054645538330e+00
3.678714707493782043e+00
3.032254464924335480e+00
2.823639996349811554e+00
2.660158574581146240e+00
3.451599553227424622e+00
3.247316628694534302e+00
2.648359388113021851e+00
2.817678935825824738e+00
3.396590501070022583e+00
2.577173030003905296e+00
3.222485482692718506e+00
3.260896503925323486e+00
2.709857057780027390e+00
4.023644626140594482e+00
3.254473581910133362e+00
3.470625430345535278e+00
3.003798052668571472e+00
2.365454351529479027e+00
2.413697857409715652e+00
3.424278497695922852e+00
2.836430408060550690e+00
3.689095154404640198e+00
3.319589942693710327e+00
3.940341025590896606e+00
3.712901175022125244e+00
3.306089192628860474e+00
2.469705853145569563e+00
2.994292378425598145e+00
2.555636563338339329e+00
2.485750294290482998e+00
2.345607671886682510e+00
2.677028626203536987e+00
3.208737000823020935e+00
3.586785718798637390e+00
2.418950004503130913e+00
2.637119637802243233e+00
2.774409186094999313e+00
3.635966926813125610e+00
2.427007104270160198e+00
3.487019166350364685e+00
3.264464884996414185e+00
3.592766001820564270e+00
3.267652988433837891e+00
3.125791773200035095e+00
3.049810528755187988e+00
3.109423890709877014e+00
3.043134026229381561e+00
2.294887024909257889e+00
2.418266357854008675e+00
3.020580708980560303e+00
2.847856171429157257e+00
2.962539829313755035e+00
3.436074703931808472e+00
3.004814758896827698e+00
2.795793246477842331e+00
3.004059977829456329e+00
3.439498916268348694e+00
3.256590738892555237e+00
2.803400233387947083e+00
3.092542663216590881e+00
3.231868445873260498e+00
3.018369413912296295e+00
3.629138767719268799e+00
2.573226280510425568e+00
2.774865049868822098e+00
4.063552320003509521e+00
3.311430811882019043e+00
2.592138266190886497e+00
2.305738050490617752e+00
3.622828871011734009e+00
2.642094092443585396e+00
3.573848456144332886e+00
3.175754845142364502e+00
3.614279180765151978e+00
3.602463454008102417e+00
3.350621461868286133e+00
3.112747445702552795e+00
3.296408802270889282e+00
3.304423317313194275e+00
3.272420763969421387e+00
2.405946860089898109e+00
2.421773392707109451e+00
2.493245753576047719e+00
3.215340077877044678e+00
2.620766190811991692e+00
2.654132042080163956e+00
2.998694926500320435e+00
3.464986160397529602e+00
3.648235052824020386e+00
3.227366358041763306e+00
2.629885990172624588e+00
2.375363251194357872e+00
2.423538160510361195e+00
3.381174504756927490e+00
3.233973234891891479e+00
2.912437543272972107e+00
2.423211042769253254e+00
2.923173904418945312e+00
3.477542549371719360e+00
3.157281279563903809e+00
2.646061060950160027e+00
3.250281661748886108e+00
2.841278910636901855e+00
2.824165821075439453e+00
2.302795555442571640e+00
2.780250329524278641e+00
2.803184501826763153e+00
3.134204372763633728e+00
3.163206353783607483e+00
3.333526179194450378e+00
2.555098258890211582e+00
2.477768980897963047e+00
4.280968904495239258e+00
2.794118858873844147e+00
2.513241868000477552e+00
2.571845245547592640e+00
3.573151603341102600e+00
3.942337632179260254e+00
2.448932374827563763e+00
2.799152638763189316e+00
2.690312732011079788e+00
3.214154914021492004e+00
4.115169942378997803e+00
2.611309438943862915e+00
