4.211332052946090698e+00
3.931076377630233765e+00
4.427952617406845093e+00
3.810933232307434082e+00
4.706729203462600708e+00
4.100027829408645630e+00
4.628290981054306030e+00
3.403299748897552490e+00
4.719854891300201416e+00
4.070637524127960205e+00
3.989870697259902954e+00
4.204530268907546997e+00
4.033979624509811401e+00
3.481887653470039368e+00
4.042636156082153320e+00
3.060899563133716583e+00
3.766804486513137817e+00
4.362773150205612183e+00
3.769496083259582520e+00
3.609786853194236755e+00
4.201147705316543579e+00
3.565372526645660400e+00
3.545691072940826416e+00
4.880293905735015869e+00
4.695210754871368408e+00
3.832843154668807983e+00
3.284948468208312988e+00
4.019606858491897583e+00
3.289494663476943970e+00
3.618365526199340820e+00
4.342296719551086426e+00
3.554508164525032043e+00
4.444121867418289185e+00
3.989724516868591309e+00
3.664342984557151794e+00
3.908867239952087402e+00
3.864876329898834229e+00
2.831726968288421631e+00
4.223747700452804565e+00
3.776173889636993408e+00
4.306828826665878296e+00
3.482929095625877380e+00
3.157047703862190247e+00
3.606695458292961121e+00
3.060954697430133820e+00
2.929265201091766357e+00
2.957787774503231049e+00
4.093686342239379883e+00
4.333472102880477905e+00
3.737423121929168701e+00
4.021015316247940063e+00
3.679124116897583008e+00
3.241299465298652649e+00
3.858470171689987183e+00
4.168911129236221313e+00
4.519573152065277100e+00
3.463024273514747620e+00
4.039620459079742432e+00
3.559859022498130798e+00
3.580190315842628479e+00
3.127627745270729065e+00
4.476508349180221558e+00
2.983338609337806702e+00
4.418642967939376831e+00
4.094035774469375610e+00
2.746136710047721863e+00
3.628638535737991333e+00
3.680659085512161255e+00
3.461466133594512939e+00
3.652204573154449463e+00
3.707208856940269470e+00
3.363410010933876038e+00
3.527226671576499939e+00
3.606203794479370117e+00
3.130494579672813416e+00
3.945908993482589722e+00
3.801377862691879272e+00
3.481503725051879883e+00
2.901666983962059021e+00
3.518583923578262329e+00
4.389296472072601318e+00
3.895494043827056885e+00
3.390206843614578247e+00
4.592680782079696655e+00
4.217006415128707886e+00
3.890902698040008545e+00
3.983405679464340210e+00
4.112199097871780396e+00
4.026770591735839844e+00
3.861374855041503906e+00
3.403702005743980408e+00
3.719740137457847595e+00
4.260999709367752075e+00
3.690872192382812500e+00
2.864027507603168488e+00
4.687489718198776245e+00
3.859436959028244019e+00
4.596693366765975952e+00
3.122368082404136658e+00
3.421187549829483032e+00
4.449931383132934570e+00
4.736685901880264282e+00
3.741544857621192932e+00
4.605728983879089355e+00
3.339279443025588989e+00
3.700487613677978516e+00
4.205715358257293701e+00
4.106816947460174561e+00
3.040423355996608734e+00
3.151604086160659790e+00
4.242558181285858154e+00
4.517900943756103516e+00
3.396785333752632141e+00
3.184963613748550415e+00
3.449245169758796692e+00
3.965427577495574951e+00
3.800686001777648926e+00
3.394120410084724426e+00
4.043400883674621582e+00
4.728275686502456665e+00
4.409743398427963257e+00
3.194022178649902344e+00
3.349671289324760437e+00
4.365840554237365723e+00
3.103361055254936218e+00
3.409028947353363037e+00
3.143311589956283569e+00
3.911674469709396362e+00
3.798086643218994141e+00
3.394278436899185181e+00
3.073516711592674255e+00
3.068174831569194794e+00
4.047563821077346802e+00
2.804630827158689499e+00
4.309490770101547241e+00
4.117629975080490112e+00
4.369725286960601807e+00
3.903196007013320923e+00
3.090106658637523651e+00
4.466903358697891235e+00
4.106036126613616943e+00
3.422271162271499634e+00
3.396519944071769714e+00
4.717782437801361084e+00
3.971866369247436523e+00
4.048251360654830933e+00
2.924577668309211731e+00
2.957594506442546844e+00
4.541451334953308105e+00
4.334429651498794556e+00
4.463629722595214844e+00
3.679343760013580322e+00
4.748135656118392944e+00
3.351183608174324036e+00
3.874680250883102417e+00
3.609867841005325317e+00
3.465800657868385315e+00
3.115490749478340149e+00
4.011108577251434326e+00
3.565911427140235901e+00
4.298202395439147949e+00
3.561422750353813171e+00
4.344716668128967285e+00
3.922143876552581787e+00
4.817496538162231445e+00
3.082186728715896606e+00
4.202669113874435425e+00
3.670735135674476624e+00
3.510224148631095886e+00
3.749613985419273376e+00
3.432998359203338623e+00
4.268982112407684326e+00
4.168330878019332886e+00
4.371904581785202026e+00
4.527082294225692749e+00
4.146096855401992798e+00
4.223514944314956665e+00
3.659204766154289246e+00
4.678588062524795532e+00
4.597879648208618164e+00
3.528247028589248657e+00
4.238376915454864502e+00
3.328627273440361023e+00
4.733261913061141968e+00
4.127447605133056641e+00
3.456436693668365479e+00
3.548592850565910339e+00
4.116837233304977417e+00
4.025543928146362305e+00
4.259107112884521484e+00
3.007661290466785431e+00
3.641367256641387939e+00
3.957362920045852661e+00
3.002617582678794861e+00
2.819756045937538147e+00
3.588489666581153870e+00
4.443295150995254517e+00
3.559070080518722534e+00
3.168928176164627075e+00
4.130175262689590454e+00
4.639615565538406372e+00
3.187439367175102234e+00
4.320373535156250000e+00
4.494855552911758423e+00
3.631248101592063904e+00
3.296124264597892761e+00
4.766290634870529175e+00
3.321652114391326904e+00
4.435175359249114990e+00
4.478188455104827881e+00
3.557943925261497498e+00
3.793850690126419067e+00
4.172580242156982422e+00
3.544000610709190369e+00
3.827900737524032593e+00
4.129571765661239624e+00
3.042724914848804474e+00
4.088654369115829468e+00
4.180501699447631836e+00
4.353000074625015259e+00
3.433131799101829529e+00
4.822681248188018799e+00
3.735619708895683289e+00
3.618086576461791992e+00
4.272609502077102661e+00
3.870065361261367798e+00
2.953618727624416351e+00
3.145307973027229309e+00
3.515292480587959290e+00
3.627117723226547241e+00
3.772566765546798706e+00
2.883722111582756042e+00
3.289396241307258606e+00
4.023560285568237305e+00
3.540133014321327209e+00
4.058533310890197754e+00
3.480345830321311951e+00
3.760434091091156006e+00
3.415278792381286621e+00
3.636012896895408630e+00
3.515054732561111450e+00
4.258077442646026611e+00
3.594321757555007935e+00
3.753549456596374512e+00
3.715782463550567627e+00
3.851665407419204712e+00
3.604640662670135498e+00
4.495133757591247559e+00
3.857860416173934937e+00
3.739473670721054077e+00
3.226728886365890503e+00
4.651273936033248901e+00
3.972025811672210693e+00
4.416338205337524414e+00
3.726753816008567810e+00
4.193216860294342041e+00
3.852680623531341553e+00
4.194151610136032104e+00
4.435655921697616577e+00
3.601680174469947815e+00
3.654851913452148438e+00
4.275892376899719238e+00
3.381514698266983032e+00
3.344886824488639832e+00
4.268814623355865479e+00
3.854329884052276611e+00
3.153991848230361938e+00
3.352804183959960938e+00
3.874473422765731812e+00
3.905838280916213989e+00
2.828443571925163269e+00
3.455673605203628540e+00
4.539363086223602295e+00
3.810209631919860840e+00
2.976518869400024414e+00
3.758935332298278809e+00
4.254381507635116577e+00
3.935216665267944336e+00
3.242083713412284851e+00
4.825561791658401489e+00
3.682001531124114990e+00
3.131275251507759094e+00
3.209769204258918762e+00
3.232406973838806152e+00
3.578072786331176758e+00
3.281465917825698853e+00
3.682634606957435608e+00
3.719966560602188110e+00
3.294278085231781006e+00
3.508859351277351379e+00
3.882106095552444458e+00
4.465339779853820801e+00
3.654742017388343811e+00
3.660444319248199463e+00
3.970902860164642334e+00
3.361523598432540894e+00
3.773252218961715698e+00
3.786049485206604004e+00
3.337804973125457764e+00
4.469168782234191895e+00
4.317383021116256714e+00
3.792456984519958496e+00
4.413923174142837524e+00
3.981727808713912964e+00
3.601768836379051208e+00
3.415561690926551819e+00
3.272182568907737732e+00
3.425320163369178772e+00
3.858166635036468506e+00
4.541031271219253540e+00
4.100563377141952515e+00
3.778221309185028076e+00
4.497155696153640747e+00
3.248331993818283081e+00
2.987349368631839752e+00
3.230523541569709778e+00
4.367869198322296143e+00
4.126606434583663940e+00
3.387428820133209229e+00
4.026455730199813843e+00
4.246713519096374512e+00
3.003409579396247864e+00
3.339110538363456726e+00
4.159079939126968384e+00
3.270813822746276855e+00
3.868768811225891113e+00
4.692459553480148315e+00
4.172475934028625488e+00
3.542387783527374268e+00
4.475980848073959351e+00
4.068991094827651978e+00
4.201066792011260986e+00
3.231646716594696045e+00
4.704072326421737671e+00
4.491932690143585205e+00
4.298464059829711914e+00
3.607166111469268799e+00
3.236622214317321777e+00
3.115767873823642731e+00
4.086555689573287964e+00
4.548913091421127319e+00
3.912135809659957886e+00
3.733726069331169128e+00
3.068919181823730469e+00
3.528863042593002319e+00
3.881868571043014526e+00
4.095395803451538086e+00
3.957203030586242676e+00
3.959431946277618408e+00
4.153473526239395142e+00
4.025073796510696411e+00
4.421633929014205933e+00
4.119905233383178711e+00
4.334222972393035889e+00
3.409130722284317017e+00
3.971971422433853149e+00
3.873853385448455811e+00
4.020313024520874023e+00
3.019331432878971100e+00
4.459721744060516357e+00
4.049786478281021118e+00
3.037519976496696472e+00
2.890466041862964630e+00
3.963590711355209351e+00
3.060430660843849182e+00
4.012644141912460327e+00
3.193016946315765381e+00
3.118828386068344116e+00
3.835086971521377563e+00
3.630986064672470093e+00
3.944218456745147705e+00
4.647403508424758911e+00
4.255024492740631104e+00
3.014464750885963440e+00
3.582005724310874939e+00
4.210136979818344116e+00
4.365577101707458496e+00
3.801935017108917236e+00
3.605457618832588196e+00
3.777140378952026367e+00
4.497540742158889771e+00
4.013226181268692017e+00
3.916844576597213745e+00
3.724713474512100220e+00
3.512355089187622070e+00
3.793080896139144897e+00
3.771061152219772339e+00
3.475184887647628784e+00
3.071382939815521240e+00
3.214983567595481873e+00
4.177636057138442993e+00
3.748538196086883545e+00
3.898017555475234985e+00
3.606634140014648438e+00
3.514627069234848022e+00
4.010629206895828247e+00
3.891057670116424561e+00
3.408612534403800964e+00
3.362792506814002991e+00
4.623335897922515869e+00
3.565356954932212830e+00
3.710409551858901978e+00
3.197306394577026367e+00
4.521714597940444946e+00
3.806864619255065918e+00
3.796872794628143311e+00
3.591092750430107117e+00
4.325415790081024170e+00
3.849344998598098755e+00
3.477438613772392273e+00
3.951662331819534302e+00
3.688426017761230469e+00
3.900149166584014893e+00
3.168225213885307312e+00
4.348142892122268677e+00
3.781426101922988892e+00
3.539148569107055664e+00
3.451926410198211670e+00
4.419236928224563599e+00
3.389858752489089966e+00
4.009522050619125366e+00
4.350649714469909668e+00
2.727927900850772858e+00
4.290673285722732544e+00
4.280964285135269165e+00
3.681839779019355774e+00
3.357677385210990906e+00
4.247055500745773315e+00
4.662675261497497559e+00
3.069285526871681213e+00
4.502342045307159424e+00
3.856017291545867920e+00
4.201158285140991211e+00
3.404570519924163818e+00
4.284895062446594238e+00
3.525708243250846863e+00
4.115076363086700439e+00
3.244499191641807556e+00
4.290192127227783203e+00
3.295365720987319946e+00
3.396405056118965149e+00
4.751842468976974487e+00
3.361497148871421814e+00
4.758243858814239502e+00
4.495512247085571289e+00
3.156932368874549866e+00
3.228906318545341492e+00
3.761645704507827759e+00
4.414506107568740845e+00
3.617817759513854980e+00
3.811115026473999023e+00
4.227816313505172729e+00
4.551182091236114502e+00
3.396378308534622192e+00
3.596024140715599060e+00
3.271090760827064514e+00
3.226410150527954102e+00
3.816025257110595703e+00
3.220877125859260559e+00
3.851948380470275879e+00
3.181527853012084961e+00
3.256564065814018250e+00
3.747386410832405090e+00
3.197457492351531982e+00
4.400855600833892822e+00
4.186312109231948853e+00
4.026938825845718384e+00
3.715742677450180054e+00
4.353062510490417480e+00
3.865015506744384766e+00
3.028934150934219360e+00
4.500689506530761719e+00
4.582574516534805298e+00
4.542023837566375732e+00
3.264758959412574768e+00
4.102370291948318481e+00
4.354892969131469727e+00
3.851975649595260620e+00
3.767675012350082397e+00
4.219499528408050537e+00
2.888566963374614716e+00
4.440250247716903687e+00
4.593787640333175659e+00
4.267937839031219482e+00
3.805976510047912598e+00
4.688068628311157227e+00
4.297743588685989380e+00
4.545554965734481812e+00
4.315731078386306763e+00
3.980845659971237183e+00
4.345998167991638184e+00
4.443705081939697266e+00
3.956378102302551270e+00
3.747945129871368408e+00
3.153925091028213501e+00
3.901276886463165283e+00
3.115511313080787659e+00
4.400119781494140625e+00
3.944950103759765625e+00
4.113164246082305908e+00
3.622506186366081238e+00
4.208890944719314575e+00
4.792414903640747070e+00
3.051895238459110260e+00
3.227456733584403992e+00
3.687534108757972717e+00
3.913842737674713135e+00
4.035578668117523193e+00
2.929491512477397919e+00
4.110372662544250488e+00
3.582392856478691101e+00
3.189029842615127563e+00
3.163210377097129822e+00
3.396256789565086365e+00
3.470381796360015869e+00
3.368364870548248291e+00
4.025846719741821289e+00
3.977758437395095825e+00
3.714320287108421326e+00
4.093006998300552368e+00
4.174234867095947266e+00
3.444805443286895752e+00
3.782347142696380615e+00
3.591705709695816040e+00
3.706034123897552490e+00
3.919449895620346069e+00
3.219764158129692078e+00
3.780986666679382324e+00
4.345741868019104004e+00
3.211552873253822327e+00
4.653706997632980347e+00
3.581805229187011719e+00
3.293646797537803650e+00
3.310432657599449158e+00
4.001211225986480713e+00
3.408150225877761841e+00
4.609164297580718994e+00
3.770539462566375732e+00
3.661303669214248657e+00
3.462738990783691406e+00
4.529230445623397827e+00
3.011574856936931610e+00
3.998281657695770264e+00
3.131996542215347290e+00
3.949943333864212036e+00
4.208736419677734375e+00
3.889024257659912109e+00
3.462037891149520874e+00
3.849844187498092651e+00
3.789363801479339600e+00
3.745732456445693970e+00
4.134802669286727905e+00
3.995107114315032959e+00
3.279094025492668152e+00
3.841208815574645996e+00
4.479824453592300415e+00
3.885582983493804932e+00
4.638328850269317627e+00
3.254910930991172791e+00
3.888360410928726196e+00
3.336733952164649963e+00
3.631085231900215149e+00
3.286466151475906372e+00
3.145985379815101624e+00
2.896634563803672791e+00
2.976584099233150482e+00
3.449330627918243408e+00
3.985455185174942017e+00
4.678650349378585815e+00
3.580646589398384094e+00
3.918070495128631592e+00
4.189477562904357910e+00
3.992871791124343872e+00
4.547458738088607788e+00
4.042093306779861450e+00
3.613056838512420654e+00
3.980699330568313599e+00
3.799150288105010986e+00
4.758211672306060791e+00
3.071573600172996521e+00
4.293890893459320068e+00
2.817327454686164856e+00
4.376851171255111694e+00
2.850307822227478027e+00
3.625461459159851074e+00
3.499909415841102600e+00
4.141415208578109741e+00
4.627197235822677612e+00
4.418277740478515625e+00
3.647849410772323608e+00
3.001434467732906342e+00
3.222391679883003235e+00
3.412112891674041748e+00
4.447957575321197510e+00
4.228192269802093506e+00
3.671158850193023682e+00
4.478141665458679199e+00
2.905775606632232666e+00
3.318386301398277283e+00
3.764708787202835083e+00
4.441465437412261963e+00
3.762807250022888184e+00
3.813912570476531982e+00
3.509956598281860352e+00
3.798127174377441406e+00
3.449525535106658936e+00
3.495044484734535217e+00
3.680289760231971741e+00
4.402818381786346436e+00
4.022696465253829956e+00
3.633894622325897217e+00
3.349368795752525330e+00
4.761149436235427856e+00
4.521993845701217651e+00
4.880488216876983643e+00
3.264440745115280151e+00
3.568075597286224365e+00
3.603977635502815247e+00
3.903567194938659668e+00
3.211748301982879639e+00
4.392569661140441895e+00
4.721489697694778442e+00
3.791362047195434570e+00
4.692824035882949829e+00
3.976478278636932373e+00
3.885078579187393188e+00
4.286922216415405273e+00
3.667094632983207703e+00
3.699562326073646545e+00
3.663370832800865173e+00
3.709731251001358032e+00
2.838796265423297882e+00
4.503008574247360229e+00
4.481136202812194824e+00
4.048322141170501709e+00
3.302580565214157104e+00
3.500799685716629028e+00
4.018210768699645996e+00
3.608383238315582275e+00
3.650958165526390076e+00
3.524507954716682434e+00
3.431200832128524780e+00
3.000399395823478699e+00
3.764866143465042114e+00
3.173910230398178101e+00
4.689491242170333862e+00
3.117167651653289795e+00
3.798541426658630371e+00
3.662744909524917603e+00
3.396630659699440002e+00
3.321781381964683533e+00
3.736374750733375549e+00
3.536218032240867615e+00
2.772355806082487106e+00
4.369249194860458374e+00
3.982711434364318848e+00
3.423628658056259155e+00
4.411621987819671631e+00
3.715405762195587158e+00
4.094855040311813354e+00
4.116606414318084717e+00
4.185219407081604004e+00
2.732306942343711853e+00
3.378872200846672058e+00
3.806886076927185059e+00
3.196270987391471863e+00
2.883363850414752960e+00
2.963858917355537415e+00
3.856228142976760864e+00
4.188220202922821045e+00
4.624547809362411499e+00
3.574320524930953979e+00
4.655020385980606079e+00
3.741006702184677124e+00
3.945481479167938232e+00
4.106577932834625244e+00
3.565639629960060120e+00
3.564607426524162292e+00
4.469442665576934814e+00
3.346827551722526550e+00
3.595852702856063843e+00
3.872964382171630859e+00
3.428271412849426270e+00
3.742819800972938538e+00
4.330350160598754883e+00
3.911584019660949707e+00
4.160072207450866699e+00
4.526495337486267090e+00
4.346478134393692017e+00
4.496323913335800171e+00
3.307773098349571228e+00
4.455080777406692505e+00
3.679803460836410522e+00
3.241873160004615784e+00
2.807796001434326172e+00
4.326205849647521973e+00
4.349263459444046021e+00
4.057909697294235229e+00
3.463418036699295044e+00
3.750505298376083374e+00
3.981764167547225952e+00
3.413997888565063477e+00
3.229350224137306213e+00
3.588590547442436218e+00
3.903712183237075806e+00
3.221012651920318604e+00
4.076244086027145386e+00
3.825439661741256714e+00
3.441960737109184265e+00
3.318624272942543030e+00
3.830133527517318726e+00
3.096607550978660583e+00
3.367970958352088928e+00
3.058509528636932373e+00
4.318692237138748169e+00
4.452166557312011719e+00
4.670577645301818848e+00
3.409759551286697388e+00
3.828302174806594849e+00
4.500689506530761719e+00
4.103266894817352295e+00
4.433525502681732178e+00
3.738827481865882874e+00
4.030402451753616333e+00
4.106666147708892822e+00
3.853221982717514038e+00
3.829208165407180786e+00
4.376255869865417480e+00
3.743617460131645203e+00
4.711830168962478638e+00
3.539430424571037292e+00
3.696308061480522156e+00
3.369628861546516418e+00
4.015393555164337158e+00
3.302119150757789612e+00
4.004953801631927490e+00
3.721382468938827515e+00
3.052380345761775970e+00
3.188643753528594971e+00
3.273090198636054993e+00
3.069154508411884308e+00
3.209100365638732910e+00
3.328157290816307068e+00
3.462887406349182129e+00
3.901896476745605469e+00
3.910925984382629395e+00
3.417977318167686462e+00
3.893344998359680176e+00
3.949702680110931396e+00
4.144877940416336060e+00
3.605324327945709229e+00
3.739796578884124756e+00
3.480822890996932983e+00
4.103482067584991455e+00
4.792414903640747070e+00
3.560385182499885559e+00
3.874261379241943359e+00
4.168330878019332886e+00
4.303382486104965210e+00
4.560150206089019775e+00
3.177548497915267944e+00
3.318650051951408386e+00
3.562116473913192749e+00
3.978506326675415039e+00
3.471190482378005981e+00
3.873317688703536987e+00
3.287931233644485474e+00
3.002969771623611450e+00
3.689652904868125916e+00
4.023420810699462891e+00
3.332106620073318481e+00
3.580496683716773987e+00
4.740459024906158447e+00
2.896722480654716492e+00
3.178171366453170776e+00
3.519960418343544006e+00
3.474281951785087585e+00
4.670786261558532715e+00
3.643545061349868774e+00
4.284597337245941162e+00
3.497668132185935974e+00
3.444698303937911987e+00
3.258531391620635986e+00
3.741127550601959229e+00
3.542557731270790100e+00
3.198931291699409485e+00
3.455454185605049133e+00
4.120331853628158569e+00
4.207484573125839233e+00
4.456437528133392334e+00
4.500787407159805298e+00
4.014457315206527710e+00
4.532508254051208496e+00
3.535846993327140808e+00
2.853341139853000641e+00
4.460545480251312256e+00
3.892674595117568970e+00
3.550434261560440063e+00
3.410049006342887878e+00
3.104291707277297974e+00
3.998044729232788086e+00
4.127628058195114136e+00
3.961857408285140991e+00
3.849112987518310547e+00
4.126874059438705444e+00
4.178524315357208252e+00
3.968774825334548950e+00
3.302918449044227600e+00
4.024123251438140869e+00
3.038611523807048798e+00
3.645434752106666565e+00
3.869151622056961060e+00
3.000626862049102783e+00
4.310163408517837524e+00
3.935967385768890381e+00
4.549831002950668335e+00
3.189214542508125305e+00
3.493307083845138550e+00
3.299099355936050415e+00
3.204037025570869446e+00
3.332664445042610168e+00
2.983285039663314819e+00
3.772736638784408569e+00
3.877208977937698364e+00
3.305822759866714478e+00
4.481742531061172485e+00
3.738834336400032043e+00
3.505050092935562134e+00
3.666168600320816040e+00
3.542559817433357239e+00
3.219498321413993835e+00
3.279886543750762939e+00
4.822638928890228271e+00
3.768727928400039673e+00
4.120895415544509888e+00
3.849415630102157593e+00
4.104829430580139160e+00
4.396698325872421265e+00
3.909262716770172119e+00
3.564557731151580811e+00
4.180648475885391235e+00
4.806028008460998535e+00
3.082071319222450256e+00
4.340852051973342896e+00
3.939323723316192627e+00
3.835921287536621094e+00
3.773389011621475220e+00
3.353879675269126892e+00
3.697969317436218262e+00
4.885515421628952026e+00
3.710866644978523254e+00
3.179908096790313721e+00
4.420859962701797485e+00
4.256148040294647217e+00
3.832699060440063477e+00
4.440237581729888916e+00
3.479748666286468506e+00
3.621531724929809570e+00
3.141972795128822327e+00
3.640322387218475342e+00
3.486139178276062012e+00
3.162156641483306885e+00
4.716084599494934082e+00
3.915309309959411621e+00
3.033037111163139343e+00
3.419813662767410278e+00
3.856043964624404907e+00
2.818442322313785553e+00
4.159403294324874878e+00
3.086546510457992554e+00
3.956211805343627930e+00
2.918009832501411438e+00
4.589974880218505859e+00
2.992647364735603333e+00
3.273076117038726807e+00
3.455516919493675232e+00
3.310025855898857117e+00
4.256355464458465576e+00
4.789402037858963013e+00
4.576009809970855713e+00
4.499062597751617432e+00
3.627371117472648621e+00
3.222552910447120667e+00
4.737900495529174805e+00
4.245561510324478149e+00
3.814770877361297607e+00
3.721375316381454468e+00
4.749176204204559326e+00
4.203971773386001587e+00
2.811427004635334015e+00
3.841441720724105835e+00
3.293427601456642151e+00
3.043855540454387665e+00
2.954834811389446259e+00
3.751257807016372681e+00
3.646625578403472900e+00
3.433764353394508362e+00
4.342914819717407227e+00
4.078035801649093628e+00
3.357608765363693237e+00
3.069946058094501495e+00
3.473227322101593018e+00
3.117415122687816620e+00
4.696501940488815308e+00
3.113440833985805511e+00
3.231010735034942627e+00
4.847379028797149658e+00
3.565114364027976990e+00
4.646579474210739136e+00
3.865663707256317139e+00
4.003881961107254028e+00
3.474381938576698303e+00
4.093388766050338745e+00
3.787957876920700073e+00
3.565411865711212158e+00
3.128955215215682983e+00
3.249726966023445129e+00
4.298480302095413208e+00
2.828917354345321655e+00
3.249579891562461853e+00
2.955418340861797333e+00
4.409193694591522217e+00
3.463620319962501526e+00
3.091628476977348328e+00
3.586452528834342957e+00
4.674878418445587158e+00
3.880923688411712646e+00
3.523228764533996582e+00
3.031379617750644684e+00
4.436557739973068237e+00
3.822120577096939087e+00
4.678650349378585815e+00
2.825832329690456390e+00
3.624996244907379150e+00
3.124606832861900330e+00
4.389675855636596680e+00
3.692994117736816406e+00
3.621112182736396790e+00
4.596091955900192261e+00
4.227963835000991821e+00
3.925820440053939819e+00
3.777871429920196533e+00
2.843804135918617249e+00
2.938159964978694916e+00
3.692469820380210876e+00
3.397674486041069031e+00
3.795240968465805054e+00
3.829208165407180786e+00
3.288382291793823242e+00
3.661328628659248352e+00
3.736120387911796570e+00
4.010678976774215698e+00
3.235487341880798340e+00
4.338172376155853271e+00
4.192337840795516968e+00
4.330082982778549194e+00
4.124301671981811523e+00
3.487528264522552490e+00
4.429197907447814941e+00
3.139079436659812927e+00
4.238610118627548218e+00
3.343401476740837097e+00
3.300322890281677246e+00
3.359970822930335999e+00
3.871484100818634033e+00
4.454859197139739990e+00
3.574622645974159241e+00
3.557148054242134094e+00
3.079713769257068634e+00
3.186428546905517578e+00
4.709026813507080078e+00
4.370542615652084351e+00
3.953544199466705322e+00
4.529553204774856567e+00
3.218799009919166565e+00
3.297176361083984375e+00
4.067888706922531128e+00
3.799808025360107422e+00
3.590806424617767334e+00
4.170900136232376099e+00
3.631129264831542969e+00
4.138270616531372070e+00
3.954880535602569580e+00
3.047691509127616882e+00
4.146509170532226562e+00
3.803158849477767944e+00
3.389299213886260986e+00
3.740601018071174622e+00
3.766586631536483765e+00
4.491740614175796509e+00
3.978279381990432739e+00
3.634396046400070190e+00
4.651983678340911865e+00
2.914234176278114319e+00
3.437376320362091064e+00
3.477369248867034912e+00
4.494906514883041382e+00
4.317248910665512085e+00
3.198765441775321960e+00
4.299496114253997803e+00
3.242152407765388489e+00
3.150379285216331482e+00
3.951198160648345947e+00
3.279278129339218140e+00
4.626258611679077148e+00
2.910743355751037598e+00
4.016125798225402832e+00
3.277275860309600830e+00
3.975977301597595215e+00
3.069974146783351898e+00
2.879869118332862854e+00
3.934726864099502563e+00
3.773490190505981445e+00
3.427908271551132202e+00
3.565635755658149719e+00
3.916349560022354126e+00
3.613093122839927673e+00
3.689501360058784485e+00
3.681999444961547852e+00
2.931686118245124817e+00
3.089350983500480652e+00
4.590605944395065308e+00
3.661767989397048950e+00
3.836819827556610107e+00
3.737523928284645081e+00
3.082936331629753113e+00
3.594519272446632385e+00
2.621963415294885635e+00
3.841663897037506104e+00
4.363550245761871338e+00
3.043622896075248718e+00
4.656830430030822754e+00
3.673153594136238098e+00
4.567393362522125244e+00
3.670022860169410706e+00
3.779975324869155884e+00
3.365633785724639893e+00
4.243677407503128052e+00
4.028802067041397095e+00
2.807566355913877487e+00
3.777239024639129639e+00
2.823188938200473785e+00
3.115134797990322113e+00
3.138282895088195801e+00
3.563292697072029114e+00
4.321284443140029907e+00
4.419540464878082275e+00
3.447287008166313171e+00
3.244539871811866760e+00
3.249575197696685791e+00
3.706416115164756775e+00
3.862850666046142578e+00
3.410190865397453308e+00
4.642132222652435303e+00
3.459352403879165649e+00
3.533241674304008484e+00
3.328074291348457336e+00
3.241130188107490540e+00
4.027512073516845703e+00
4.067984521389007568e+00
4.596693366765975952e+00
4.559697657823562622e+00
3.365875482559204102e+00
4.231790751218795776e+00
4.338995814323425293e+00
3.770821541547775269e+00
4.122979044914245605e+00
3.469740077853202820e+00
4.555893689393997192e+00
4.697293043136596680e+00
4.531038850545883179e+00
3.505066931247711182e+00
3.702540397644042969e+00
3.797371238470077515e+00
4.199749380350112915e+00
3.515371456742286682e+00
4.047093987464904785e+00
3.353811576962471008e+00
3.631906583905220032e+00
4.378081709146499634e+00
3.097607009112834930e+00
3.702551722526550293e+00
3.307965025305747986e+00
3.751783818006515503e+00
3.236780762672424316e+00
2.945067994296550751e+00
3.120164945721626282e+00
3.671708256006240845e+00
3.549074530601501465e+00
3.573196977376937866e+00
3.219529613852500916e+00
4.555688500404357910e+00
4.532667547464370728e+00
3.043501041829586029e+00
2.877087928354740143e+00
4.228937476873397827e+00
3.902420848608016968e+00
4.802369624376296997e+00
3.975836187601089478e+00
4.092981368303298950e+00
3.987047821283340454e+00
3.625934943556785583e+00
3.923611789941787720e+00
3.722953647375106812e+00
3.479976132512092590e+00
3.784106224775314331e+00
3.923811316490173340e+00
4.122972041368484497e+00
3.893370032310485840e+00
2.911992482841014862e+00
3.432336151599884033e+00
3.354125693440437317e+00
3.365538343787193298e+00
4.047789722681045532e+00
3.229952231049537659e+00
4.273855239152908325e+00
4.212702661752700806e+00
3.742978572845458984e+00
4.291480034589767456e+00
3.231471180915832520e+00
3.226769194006919861e+00
3.795556426048278809e+00
3.443707004189491272e+00
3.287555798888206482e+00
4.364255815744400024e+00
3.403281569480895996e+00
3.776210397481918335e+00
3.522277697920799255e+00
3.766379803419113159e+00
4.316097646951675415e+00
2.954010553658008575e+00
2.862820550799369812e+00
4.186152815818786621e+00
4.405906796455383301e+00
3.709850236773490906e+00
2.773477211594581604e+00
4.081672281026840210e+00
3.522514998912811279e+00
3.823595046997070312e+00
3.872831314802169800e+00
3.409163653850555420e+00
3.584050238132476807e+00
3.256394490599632263e+00
4.113021492958068848e+00
3.383604660630226135e+00
3.647749796509742737e+00
3.904664814472198486e+00
3.896844983100891113e+00
4.711342155933380127e+00
4.331011176109313965e+00
4.384152144193649292e+00
4.399777799844741821e+00
3.725827857851982117e+00
3.894057124853134155e+00
3.456088230013847351e+00
4.350232332944869995e+00
4.883043617010116577e+00
4.262152314186096191e+00
3.133640661835670471e+00
3.757311552762985229e+00
4.063415825366973877e+00
3.718401789665222168e+00
3.351822346448898315e+00
3.507056608796119690e+00
3.386382907629013062e+00
3.811082094907760620e+00
4.442429840564727783e+00
4.184727072715759277e+00
3.397449254989624023e+00
4.147682487964630127e+00
3.188860341906547546e+00
3.839755803346633911e+00
3.774265497922897339e+00
3.575786724686622620e+00
4.321936368942260742e+00
3.974349498748779297e+00
3.945606350898742676e+00
4.792719632387161255e+00
3.593472763895988464e+00
3.322947472333908081e+00
4.454590082168579102e+00
4.647597670555114746e+00
3.205430656671524048e+00
3.679154962301254272e+00
3.401198238134384155e+00
3.581546619534492493e+00
3.111598640680313110e+00
3.313063904643058777e+00
3.522189781069755554e+00
3.234664276242256165e+00
3.264377489686012268e+00
3.101063072681427002e+00
4.533479958772659302e+00
4.449414163827896118e+00
3.317535594105720520e+00
2.632344076409935951e+00
4.337845742702484131e+00
4.359145909547805786e+00
3.762899041175842285e+00
4.374013245105743408e+00
4.039452075958251953e+00
3.080741465091705322e+00
3.450372368097305298e+00
3.308182656764984131e+00
3.095754869282245636e+00
4.409538507461547852e+00
3.835236728191375732e+00
3.639082983136177063e+00
3.943298608064651489e+00
4.181933254003524780e+00
3.409364894032478333e+00
3.979006558656692505e+00
3.926058709621429443e+00
3.864502608776092529e+00
4.209069162607192993e+00
4.192124754190444946e+00
4.654093831777572632e+00
4.400925636291503906e+00
3.976766318082809448e+00
4.004179537296295166e+00
3.355808481574058533e+00
4.427762627601623535e+00
3.740231245756149292e+00
4.413348883390426636e+00
3.597206324338912964e+00
3.462086394429206848e+00
3.830406069755554199e+00
3.810428977012634277e+00
3.844549804925918579e+00
3.809917122125625610e+00
3.079395107924938202e+00
2.995375506579875946e+00
3.628962039947509766e+00
4.822681248188018799e+00
3.813838064670562744e+00
4.382472634315490723e+00
3.142433315515518188e+00
3.982501029968261719e+00
4.300110489130020142e+00
3.811928331851959229e+00
3.298167586326599121e+00
3.528759181499481201e+00
3.475362211465835571e+00
3.561133220791816711e+00
3.372309431433677673e+00
3.165263980627059937e+00
3.767067044973373413e+00
3.593721017241477966e+00
4.578170478343963623e+00
3.739131540060043335e+00
4.044591486454010010e+00
4.110850989818572998e+00
3.757055103778839111e+00
3.094745799899101257e+00
4.006987810134887695e+00
3.796762377023696899e+00
3.791960477828979492e+00
3.473802059888839722e+00
4.084533751010894775e+00
4.094691872596740723e+00
3.970311880111694336e+00
3.536585792899131775e+00
3.825297504663467407e+00
4.328094422817230225e+00
3.473636806011199951e+00
4.230393767356872559e+00
4.532508254051208496e+00
4.108512848615646362e+00
3.124015852808952332e+00
3.655343279242515564e+00
4.357209354639053345e+00
3.981086611747741699e+00
3.249188885092735291e+00
3.510690927505493164e+00
3.307327777147293091e+00
3.343991562724113464e+00
3.456326946616172791e+00
4.248014539480209351e+00
3.591086938977241516e+00
3.813320249319076538e+00
3.096762858331203461e+00
3.111696541309356689e+00
2.889778241515159607e+00
4.433586448431015015e+00
4.314006567001342773e+00
3.902049362659454346e+00
3.802979290485382080e+00
3.725569993257522583e+00
4.646087437868118286e+00
4.027026295661926270e+00
3.578883484005928040e+00
2.868310697376728058e+00
3.984282761812210083e+00
4.398940652608871460e+00
4.150298833847045898e+00
3.881049901247024536e+00
2.960061766207218170e+00
3.869701027870178223e+00
3.681408315896987915e+00
3.738778159022331238e+00
4.708016216754913330e+00
3.734590411186218262e+00
4.256351441144943237e+00
4.000058472156524658e+00
3.793166726827621460e+00
3.527419865131378174e+00
3.085995540022850037e+00
4.435963779687881470e+00
3.793798387050628662e+00
3.960786908864974976e+00
4.084008485078811646e+00
3.760980814695358276e+00
3.961137533187866211e+00
4.378300309181213379e+00
4.061126559972763062e+00
2.966944985091686249e+00
3.260055631399154663e+00
2.743347063660621643e+00
3.704239800572395325e+00
3.425978571176528931e+00
3.518164902925491333e+00
4.250857532024383545e+00
3.521415740251541138e+00
3.445424661040306091e+00
4.345919489860534668e+00
3.967640399932861328e+00
3.278544023633003235e+00
4.037215858697891235e+00
4.095877856016159058e+00
3.524242565035820007e+00
3.200467303395271301e+00
3.401096016168594360e+00
3.442497476935386658e+00
3.310577273368835449e+00
3.943096250295639038e+00
3.158295229077339172e+00
3.540143892168998718e+00
3.740142211318016052e+00
3.369300141930580139e+00
4.017127156257629395e+00
3.937798887491226196e+00
3.796941787004470825e+00
3.042181432247161865e+00
4.661234319210052490e+00
4.002256840467453003e+00
4.307918995618820190e+00
3.779348284006118774e+00
4.714922010898590088e+00
4.034712016582489014e+00
4.293554574251174927e+00
3.974830210208892822e+00
4.139635860919952393e+00
4.266477376222610474e+00
2.852281592786312103e+00
3.985480666160583496e+00
4.523424357175827026e+00
4.517214000225067139e+00
3.961955159902572632e+00
3.849148601293563843e+00
3.606156706809997559e+00
3.626256659626960754e+00
3.043577186763286591e+00
4.331649839878082275e+00
3.011285811662673950e+00
4.212452471256256104e+00
3.197301477193832397e+00
4.696147441864013672e+00
4.169344604015350342e+00
3.796526938676834106e+00
4.241755157709121704e+00
3.298267722129821777e+00
4.496886581182479858e+00
3.519605398178100586e+00
4.242761582136154175e+00
3.436002582311630249e+00
3.441283777356147766e+00
3.531218692660331726e+00
3.675120249390602112e+00
4.087725728750228882e+00
3.582874536514282227e+00
3.863405585289001465e+00
3.339677229523658752e+00
4.040426909923553467e+00
4.808998256921768188e+00
3.396092876791954041e+00
4.129434376955032349e+00
3.313309326767921448e+00
4.094147980213165283e+00
3.232962042093276978e+00
4.337949752807617188e+00
4.577423036098480225e+00
3.118048124015331268e+00
4.152280837297439575e+00
4.440436661243438721e+00
4.394259750843048096e+00
3.666990101337432861e+00
3.882770836353302002e+00
3.718279078602790833e+00
4.245402365922927856e+00
3.450579941272735596e+00
3.263263627886772156e+00
3.655417934060096741e+00
4.049243777990341187e+00
2.865123562514781952e+00
3.908167481422424316e+00
3.736904412508010864e+00
3.537366986274719238e+00
3.804051131010055542e+00
4.108633100986480713e+00
3.747027292847633362e+00
2.981461621820926666e+00
3.453146070241928101e+00
3.294617831707000732e+00
2.996924966573715210e+00
3.923187851905822754e+00
4.049880206584930420e+00
3.240438550710678101e+00
2.693476546555757523e+00
3.505342230200767517e+00
4.224592745304107666e+00
4.102458506822586060e+00
3.794196546077728271e+00
2.963731847703456879e+00
3.289058357477188110e+00
3.071903847157955170e+00
4.480479359626770020e+00
4.231045097112655640e+00
3.864389806985855103e+00
3.220830783247947693e+00
3.660930842161178589e+00
3.030402734875679016e+00
4.144838303327560425e+00
3.699408844113349915e+00
3.197030648589134216e+00
3.508828878402709961e+00
3.046843446791172028e+00
4.270146191120147705e+00
4.663165956735610962e+00
3.489290028810501099e+00
4.143943488597869873e+00
3.271406888961791992e+00
4.930917024612426758e+00
3.359138071537017822e+00
4.271493554115295410e+00
2.815790288150310516e+00
3.799666017293930054e+00
3.365499153733253479e+00
3.373816460371017456e+00
3.288635835051536560e+00
4.024063944816589355e+00
4.006353020668029785e+00
3.418256044387817383e+00
3.325362503528594971e+00
4.165710806846618652e+00
3.965544700622558594e+00
3.881164193153381348e+00
4.237945228815078735e+00
4.633186012506484985e+00
3.958751559257507324e+00
4.157223403453826904e+00
2.837477512657642365e+00
3.413185477256774902e+00
4.062499552965164185e+00
3.646532818675041199e+00
3.137375637888908386e+00
3.585386723279953003e+00
3.977475315332412720e+00
3.787006884813308716e+00
3.324960172176361084e+00
3.638780489563941956e+00
4.846020489931106567e+00
3.347641378641128540e+00
3.681897073984146118e+00
3.581042438745498657e+00
4.280025660991668701e+00
2.959957458078861237e+00
3.525976166129112244e+00
3.850717246532440186e+00
3.721790984272956848e+00
4.143787622451782227e+00
3.829956799745559692e+00
4.042874574661254883e+00
3.899112045764923096e+00
4.201374650001525879e+00
3.267041593790054321e+00
2.944296039640903473e+00
3.235766217112541199e+00
3.152179121971130371e+00
4.488725215196609497e+00
3.949736207723617554e+00
3.524783849716186523e+00
3.036045618355274200e+00
3.785826861858367920e+00
3.712582364678382874e+00
2.637717565521597862e+00
3.155141696333885193e+00
3.536155745387077332e+00
3.433554247021675110e+00
3.247466832399368286e+00
4.160511493682861328e+00
3.474047929048538208e+00
3.963722437620162964e+00
4.617145061492919922e+00
4.109815210103988647e+00
3.883923143148422241e+00
3.536520749330520630e+00
4.817480295896530151e+00
3.467140868306159973e+00
3.559735938906669617e+00
3.912590593099594116e+00
3.814370036125183105e+00
3.045529052615165710e+00
3.519398272037506104e+00
3.508998304605484009e+00
3.341863229870796204e+00
3.875706642866134644e+00
3.486677259206771851e+00
4.269869178533554077e+00
4.585884362459182739e+00
4.046560227870941162e+00
3.220471590757369995e+00
3.861423283815383911e+00
3.112235069274902344e+00
4.826940745115280151e+00
4.166338443756103516e+00
3.298809081315994263e+00
3.838315308094024658e+00
4.850127696990966797e+00
3.494872823357582092e+00
3.793401867151260376e+00
3.430126681923866272e+00
3.361798003315925598e+00
4.028384387493133545e+00
3.163847178220748901e+00
3.080065809190273285e+00
3.493408262729644775e+00
4.172501415014266968e+00
4.709815829992294312e+00
4.009418189525604248e+00
4.580449461936950684e+00
3.371205180883407593e+00
3.858268260955810547e+00
3.336479440331459045e+00
3.136342242360115051e+00
3.611886873841285706e+00
4.061337560415267944e+00
4.223116487264633179e+00
4.355387389659881592e+00
3.237947300076484680e+00
4.557052850723266602e+00
3.765434473752975464e+00
3.616034686565399170e+00
4.051595181226730347e+00
4.134313911199569702e+00
4.004109501838684082e+00
