4.887697696685791016e+00
4.391696900129318237e+00
4.933103471994400024e+00
4.931912720203399658e+00
4.796328544616699219e+00
4.917225986719131470e+00
4.674689620733261108e+00
4.901817888021469116e+00
4.874764531850814819e+00
4.979054182767868042e+00
4.911441206932067871e+00
4.524143636226654053e+00
4.681518226861953735e+00
4.626609832048416138e+00
4.737994670867919922e+00
4.999999850988388062e+00
4.766384363174438477e+00
4.886397421360015869e+00
4.411466568708419800e+00
4.876375496387481689e+00
4.740823954343795776e+00
4.897360056638717651e+00
4.690061658620834351e+00
4.461606591939926147e+00
4.890588819980621338e+00
4.963653832674026489e+00
4.894077926874160767e+00
4.756159484386444092e+00
4.788425713777542114e+00
4.793763160705566406e+00
4.803087413311004639e+00
5.000000000000000000e+00
4.755933284759521484e+00
4.659318625926971436e+00
4.580117613077163696e+00
4.952692985534667969e+00
4.888939410448074341e+00
4.540151953697204590e+00
4.042885154485702515e+00
4.913017004728317261e+00
4.568708986043930054e+00
4.777441173791885376e+00
4.922438263893127441e+00
4.871558099985122681e+00
4.931689500808715820e+00
4.419518858194351196e+00
5.000000298023223877e+00
4.970891177654266357e+00
4.762915372848510742e+00
4.210941642522811890e+00
4.747639745473861694e+00
4.444371461868286133e+00
4.909890592098236084e+00
4.993961751461029053e+00
4.213369190692901611e+00
4.954050779342651367e+00
4.811802953481674194e+00
5.000000298023223877e+00
4.951127618551254272e+00
4.727399796247482300e+00
4.872070401906967163e+00
4.359950721263885498e+00
4.858101457357406616e+00
4.364473670721054077e+00
4.075590074062347412e+00
4.818873852491378784e+00
4.858685284852981567e+00
4.759619832038879395e+00
4.972564429044723511e+00
4.995836466550827026e+00
4.999999850988388062e+00
4.954342246055603027e+00
4.871959388256072998e+00
4.873640090227127075e+00
4.723401367664337158e+00
4.828512817621231079e+00
4.897074997425079346e+00
4.950420558452606201e+00
4.794632196426391602e+00
4.754582643508911133e+00
4.947481155395507812e+00
4.933486431837081909e+00
4.915875494480133057e+00
4.942666441202163696e+00
5.000000000000000000e+00
4.791797995567321777e+00
4.823425561189651489e+00
4.763758778572082520e+00
4.003813415765762329e+00
4.749563783407211304e+00
4.320362657308578491e+00
4.936763644218444824e+00
4.599939733743667603e+00
4.252358227968215942e+00
4.570393413305282593e+00
4.978613555431365967e+00
4.531071633100509644e+00
4.803882390260696411e+00
4.955414831638336182e+00
4.791683256626129150e+00
4.428099691867828369e+00
4.875005930662155151e+00
4.914709627628326416e+00
4.965457171201705933e+00
4.851794838905334473e+00
4.799215346574783325e+00
4.888144433498382568e+00
4.822069853544235229e+00
4.727537631988525391e+00
4.859746843576431274e+00
4.705870300531387329e+00
4.705160409212112427e+00
4.832905977964401245e+00
4.846754521131515503e+00
4.868833571672439575e+00
5.000000298023223877e+00
4.680343270301818848e+00
4.396314769983291626e+00
3.968316465616226196e+00
4.871630668640136719e+00
4.857069849967956543e+00
4.972715526819229126e+00
4.866100847721099854e+00
4.865041971206665039e+00
4.115232527256011963e+00
4.084519147872924805e+00
4.447808563709259033e+00
4.954754114151000977e+00
4.862892478704452515e+00
4.412369728088378906e+00
4.611128717660903931e+00
4.669513255357742310e+00
4.729532897472381592e+00
4.915551841259002686e+00
4.643533229827880859e+00
3.854130506515502930e+00
4.641593694686889648e+00
4.696377366781234741e+00
4.603676795959472656e+00
4.873519241809844971e+00
4.633392095565795898e+00
4.925679862499237061e+00
4.755468815565109253e+00
4.188531041145324707e+00
4.195212274789810181e+00
4.937393665313720703e+00
4.693148285150527954e+00
4.742304086685180664e+00
4.833401143550872803e+00
4.964821636676788330e+00
3.794488608837127686e+00
4.723519086837768555e+00
4.956173598766326904e+00
4.776405692100524902e+00
4.951781928539276123e+00
4.680180698633193970e+00
4.448675513267517090e+00
4.721183180809020996e+00
4.739085435867309570e+00
4.895028322935104370e+00
4.860632717609405518e+00
4.653774648904800415e+00
3.957029879093170166e+00
3.972617983818054199e+00
4.750623404979705811e+00
4.778188914060592651e+00
4.963243901729583740e+00
4.901032298803329468e+00
4.841645210981369019e+00
4.474691748619079590e+00
4.786784350872039795e+00
4.931201189756393433e+00
4.910686612129211426e+00
4.887186884880065918e+00
4.422174543142318726e+00
4.800049960613250732e+00
4.866399616003036499e+00
4.760941267013549805e+00
4.746916741132736206e+00
4.536962658166885376e+00
4.421171396970748901e+00
4.442461580038070679e+00
4.740435034036636353e+00
4.685780405998229980e+00
4.596660882234573364e+00
4.722496420145034790e+00
4.457650780677795410e+00
4.596533179283142090e+00
4.255739599466323853e+00
4.653282463550567627e+00
4.436229318380355835e+00
4.854954183101654053e+00
4.813864976167678833e+00
4.929428696632385254e+00
4.083541184663772583e+00
4.889726191759109497e+00
4.831150472164154053e+00
4.597730189561843872e+00
4.916294068098068237e+00
4.546875655651092529e+00
4.426792412996292114e+00
4.746120721101760864e+00
3.688189163804054260e+00
3.827051222324371338e+00
4.108036309480667114e+00
4.959351271390914917e+00
4.689852744340896606e+00
4.282483756542205811e+00
4.858292341232299805e+00
4.522341936826705933e+00
4.476358890533447266e+00
4.514861702919006348e+00
4.608270972967147827e+00
4.709766954183578491e+00
4.622327536344528198e+00
4.831676185131072998e+00
3.988775908946990967e+00
3.986198306083679199e+00
4.772935807704925537e+00
4.218364953994750977e+00
4.731688499450683594e+00
4.816841036081314087e+00
3.964695632457733154e+00
3.903228342533111572e+00
4.881625920534133911e+00
4.774165451526641846e+00
4.775992482900619507e+00
4.944909065961837769e+00
4.185455441474914551e+00
4.919728040695190430e+00
4.771645963191986084e+00
4.590837955474853516e+00
4.255467355251312256e+00
4.167489260435104370e+00
4.948946833610534668e+00
4.938895851373672485e+00
4.082982242107391357e+00
4.574202448129653931e+00
4.786303043365478516e+00
4.663556069135665894e+00
4.627574980258941650e+00
4.039042741060256958e+00
4.976376146078109741e+00
3.958839029073715210e+00
4.810000956058502197e+00
4.109050333499908447e+00
4.688753485679626465e+00
4.357534199953079224e+00
4.411224424839019775e+00
4.876644909381866455e+00
4.843663275241851807e+00
4.743271619081497192e+00
4.383323192596435547e+00
4.741846472024917603e+00
4.780062288045883179e+00
4.117089658975601196e+00
4.327449947595596313e+00
4.001490473747253418e+00
3.248446211218833923e+00
3.704723641276359558e+00
4.590755552053451538e+00
4.913636893033981323e+00
4.076073616743087769e+00
4.712928831577301025e+00
4.483079910278320312e+00
4.663612991571426392e+00
4.614758044481277466e+00
3.682751357555389404e+00
4.937168359756469727e+00
4.311972260475158691e+00
4.640571922063827515e+00
4.899696111679077148e+00
4.088271707296371460e+00
4.777557700872421265e+00
4.405091553926467896e+00
4.593654423952102661e+00
4.017650783061981201e+00
3.984848856925964355e+00
4.127447158098220825e+00
4.434004724025726318e+00
4.323265254497528076e+00
4.397231936454772949e+00
4.677924811840057373e+00
4.585977643728256226e+00
4.924046099185943604e+00
4.829930514097213745e+00
4.541794657707214355e+00
4.621003270149230957e+00
4.240776002407073975e+00
4.400759935379028320e+00
4.150770753622055054e+00
4.165777564048767090e+00
4.367328882217407227e+00
4.348315000534057617e+00
4.505247771739959717e+00
4.894370734691619873e+00
3.789628297090530396e+00
4.614238440990447998e+00
4.262871295213699341e+00
4.642863720655441284e+00
3.773257881402969360e+00
3.890854120254516602e+00
4.625135511159896851e+00
4.542831182479858398e+00
4.614548236131668091e+00
4.896325767040252686e+00
3.911335021257400513e+00
4.383920729160308838e+00
4.363485127687454224e+00
4.676813334226608276e+00
4.813224673271179199e+00
4.880523830652236938e+00
4.428418576717376709e+00
4.647713005542755127e+00
4.097101539373397827e+00
4.381651282310485840e+00
4.124857783317565918e+00
4.670104980468750000e+00
3.323818743228912354e+00
4.836180508136749268e+00
4.508252888917922974e+00
3.938481211662292480e+00
4.817206561565399170e+00
4.535997509956359863e+00
3.810497522354125977e+00
4.280508458614349365e+00
4.138788431882858276e+00
3.630810305476188660e+00
4.720889627933502197e+00
4.870419055223464966e+00
4.928406625986099243e+00
4.877064079046249390e+00
4.464420974254608154e+00
4.446237534284591675e+00
4.714014977216720581e+00
3.590500205755233765e+00
4.628098607063293457e+00
4.745410680770874023e+00
4.562845677137374878e+00
4.832056015729904175e+00
4.865747094154357910e+00
4.666834622621536255e+00
4.319417774677276611e+00
4.552354812622070312e+00
4.772800356149673462e+00
4.352180361747741699e+00
3.948734551668167114e+00
4.313367605209350586e+00
3.964921683073043823e+00
4.398134201765060425e+00
4.652750641107559204e+00
4.845761358737945557e+00
4.884839057922363281e+00
3.922163397073745728e+00
4.942916333675384521e+00
4.743928015232086182e+00
4.502506554126739502e+00
4.544464200735092163e+00
4.361321330070495605e+00
4.446127563714981079e+00
4.287423789501190186e+00
4.655424654483795166e+00
4.600510150194168091e+00
4.717785567045211792e+00
2.989059202373027802e+00
4.102062880992889404e+00
4.053158313035964966e+00
4.018138051033020020e+00
4.749467819929122925e+00
3.635918200016021729e+00
4.376217871904373169e+00
4.677451550960540771e+00
3.756416290998458862e+00
4.956563860177993774e+00
4.755194783210754395e+00
4.572574645280838013e+00
4.822640568017959595e+00
4.686712771654129028e+00
4.263624846935272217e+00
4.120264500379562378e+00
4.201198220252990723e+00
4.673103988170623779e+00
4.691553562879562378e+00
4.564667940139770508e+00
4.341748803853988647e+00
4.699391275644302368e+00
4.069239348173141479e+00
4.676376283168792725e+00
4.630058705806732178e+00
4.552940279245376587e+00
4.806319326162338257e+00
4.182280153036117554e+00
4.550672918558120728e+00
4.945931285619735718e+00
4.601014554500579834e+00
4.092799723148345947e+00
4.807932823896408081e+00
4.521057307720184326e+00
4.354504644870758057e+00
4.825074821710586548e+00
4.124262481927871704e+00
4.583877176046371460e+00
4.164465814828872681e+00
4.792387634515762329e+00
4.555402100086212158e+00
4.894598871469497681e+00
4.765121191740036011e+00
2.965017892420291901e+00
4.622705578804016113e+00
4.799433648586273193e+00
4.857376515865325928e+00
4.064079076051712036e+00
4.767279624938964844e+00
4.343392401933670044e+00
4.684161394834518433e+00
4.029947966337203979e+00
4.183181673288345337e+00
3.597579970955848694e+00
4.475468248128890991e+00
4.089047610759735107e+00
4.637872278690338135e+00
4.265179783105850220e+00
3.627640157938003540e+00
4.126739352941513062e+00
4.522098153829574585e+00
4.216292649507522583e+00
4.229299575090408325e+00
4.602614939212799072e+00
4.896490722894668579e+00
3.536326885223388672e+00
4.743762761354446411e+00
4.046920388936996460e+00
3.929299861192703247e+00
4.025669544935226440e+00
4.772371798753738403e+00
3.450267836451530457e+00
4.242766648530960083e+00
3.366025164723396301e+00
4.273114651441574097e+00
4.780490100383758545e+00
4.147574305534362793e+00
4.820093065500259399e+00
4.753920435905456543e+00
4.432169198989868164e+00
4.595419168472290039e+00
4.140926897525787354e+00
4.076322317123413086e+00
4.238931834697723389e+00
4.879772365093231201e+00
3.479576706886291504e+00
4.678419381380081177e+00
4.816044569015502930e+00
3.733479753136634827e+00
4.792167246341705322e+00
4.810762703418731689e+00
4.944901913404464722e+00
4.302407354116439819e+00
3.647488281130790710e+00
4.309173077344894409e+00
4.160351604223251343e+00
3.812058866024017334e+00
3.447632864117622375e+00
4.443773031234741211e+00
3.553127422928810120e+00
4.247342348098754883e+00
4.642026871442794800e+00
4.218175560235977173e+00
4.458860903978347778e+00
4.952103942632675171e+00
4.256038665771484375e+00
4.453921467065811157e+00
4.009696543216705322e+00
4.734411239624023438e+00
4.820837527513504028e+00
4.486084431409835815e+00
3.170451819896697998e+00
4.698950052261352539e+00
4.095467776060104370e+00
4.148032367229461670e+00
3.525620177388191223e+00
4.199075400829315186e+00
4.450942277908325195e+00
4.934800267219543457e+00
4.129207730293273926e+00
3.917661905288696289e+00
3.823022842407226562e+00
4.613898098468780518e+00
4.585498571395874023e+00
4.351527988910675049e+00
4.100375473499298096e+00
4.165604263544082642e+00
3.371394947171211243e+00
3.814866840839385986e+00
4.051719903945922852e+00
4.285589307546615601e+00
4.647719562053680420e+00
4.692936539649963379e+00
4.476953297853469849e+00
4.634266644716262817e+00
3.702455163002014160e+00
3.288353234529495239e+00
4.227335453033447266e+00
3.597096130251884460e+00
4.904188364744186401e+00
3.329572752118110657e+00
4.378572851419448853e+00
4.147112071514129639e+00
3.793573379516601562e+00
3.858032077550888062e+00
4.845729470252990723e+00
4.568881541490554810e+00
4.870379865169525146e+00
4.378857761621475220e+00
4.331221431493759155e+00
3.846600204706192017e+00
4.608999490737915039e+00
4.381364285945892334e+00
4.857808202505111694e+00
3.867877572774887085e+00
3.208054825663566589e+00
4.047720283269882202e+00
3.365870043635368347e+00
4.878293424844741821e+00
3.785284012556076050e+00
4.557806402444839478e+00
3.878207653760910034e+00
2.997118458151817322e+00
4.634378403425216675e+00
4.726556837558746338e+00
4.266089797019958496e+00
3.645816668868064880e+00
4.187024831771850586e+00
4.031406342983245850e+00
4.292687624692916870e+00
3.279219865798950195e+00
4.214980304241180420e+00
3.486635386943817139e+00
4.845687896013259888e+00
4.107983112335205078e+00
4.824549108743667603e+00
3.768975436687469482e+00
3.656913712620735168e+00
3.816277533769607544e+00
2.985395900905132294e+00
4.134060889482498169e+00
4.231056123971939087e+00
4.157104790210723877e+00
3.995014429092407227e+00
3.932336568832397461e+00
4.556529670953750610e+00
4.624903202056884766e+00
4.236410111188888550e+00
4.842854887247085571e+00
4.037775546312332153e+00
4.595550745725631714e+00
4.734257310628890991e+00
3.623585179448127747e+00
4.304109960794448853e+00
4.859129339456558228e+00
4.163221120834350586e+00
4.551721662282943726e+00
4.743424504995346069e+00
4.302773624658584595e+00
4.366835355758666992e+00
3.721517398953437805e+00
4.470610469579696655e+00
4.227348864078521729e+00
4.523971825838088989e+00
4.519907832145690918e+00
4.244679063558578491e+00
3.660123497247695923e+00
3.600026667118072510e+00
3.442242518067359924e+00
4.617799818515777588e+00
4.025276303291320801e+00
4.475773125886917114e+00
3.454785719513893127e+00
4.587024748325347900e+00
3.716067075729370117e+00
3.485668748617172241e+00
4.242343008518218994e+00
4.349355250597000122e+00
4.170230180025100708e+00
3.884576261043548584e+00
3.683932796120643616e+00
4.459331929683685303e+00
4.321252405643463135e+00
3.899252414703369141e+00
4.255464673042297363e+00
4.233753085136413574e+00
4.189680516719818115e+00
3.623935654759407043e+00
4.214995503425598145e+00
4.320300072431564331e+00
2.807601299136877060e+00
4.010569602251052856e+00
3.272331357002258301e+00
3.448012545704841614e+00
4.037884026765823364e+00
3.515622839331626892e+00
3.520236387848854065e+00
2.814404964447021484e+00
3.839180469512939453e+00
4.083319455385208130e+00
3.769855499267578125e+00
3.812206536531448364e+00
4.275681823492050171e+00
3.674010112881660461e+00
4.590144455432891846e+00
4.624774605035781860e+00
3.372806236147880554e+00
4.427388012409210205e+00
3.838939219713211060e+00
4.329429417848587036e+00
4.028371423482894897e+00
3.857154250144958496e+00
4.570792913436889648e+00
3.762444108724594116e+00
4.588000923395156860e+00
3.930953741073608398e+00
3.428089022636413574e+00
3.196982964873313904e+00
4.694081395864486694e+00
4.497675448656082153e+00
3.230611905455589294e+00
4.706135392189025879e+00
2.945706322789192200e+00
3.615218177437782288e+00
4.229666739702224731e+00
3.825332224369049072e+00
4.905463904142379761e+00
3.502632454037666321e+00
3.960703015327453613e+00
3.707054853439331055e+00
2.995121628046035767e+00
4.278600960969924927e+00
3.284813761711120605e+00
3.607868328690528870e+00
4.005669355392456055e+00
4.028622508049011230e+00
3.950944691896438599e+00
4.514569789171218872e+00
3.762920498847961426e+00
3.775439709424972534e+00
3.548171743750572205e+00
3.564889878034591675e+00
4.709808826446533203e+00
4.626542776823043823e+00
3.888457417488098145e+00
3.795148283243179321e+00
4.016533344984054565e+00
4.513242691755294800e+00
4.258710891008377075e+00
4.362968802452087402e+00
3.990092873573303223e+00
4.335717707872390747e+00
2.694050651043653488e+00
3.339846432209014893e+00
4.470835030078887939e+00
3.384177982807159424e+00
3.649634867906570435e+00
3.930360227823257446e+00
3.835333734750747681e+00
4.411978572607040405e+00
3.149413913488388062e+00
4.445643424987792969e+00
4.724558889865875244e+00
2.277837619185447693e+00
3.889067173004150391e+00
3.296830952167510986e+00
3.628541529178619385e+00
4.212811142206192017e+00
4.182777404785156250e+00
4.197376370429992676e+00
3.899753838777542114e+00
4.354019612073898315e+00
3.827641457319259644e+00
4.313742369413375854e+00
4.349319636821746826e+00
3.301258310675621033e+00
3.849896341562271118e+00
4.124176651239395142e+00
4.029666036367416382e+00
3.796734958887100220e+00
3.885386139154434204e+00
4.694421887397766113e+00
3.737174198031425476e+00
4.450534731149673462e+00
3.623237311840057373e+00
3.599207848310470581e+00
3.359474912285804749e+00
2.994256205856800079e+00
4.134255498647689819e+00
4.577251821756362915e+00
4.420207440853118896e+00
4.136835932731628418e+00
4.712287336587905884e+00
4.196237921714782715e+00
3.802692741155624390e+00
3.366004675626754761e+00
3.166975080966949463e+00
3.992480188608169556e+00
3.457262441515922546e+00
3.423068150877952576e+00
4.907796680927276611e+00
3.593009561300277710e+00
4.542473256587982178e+00
3.594661727547645569e+00
3.411966562271118164e+00
3.509594649076461792e+00
4.060337543487548828e+00
4.425792992115020752e+00
4.638179391622543335e+00
3.727737963199615479e+00
3.375782594084739685e+00
3.671772330999374390e+00
3.494983687996864319e+00
2.963214814662933350e+00
4.364185035228729248e+00
3.344654738903045654e+00
3.765835314989089966e+00
4.326551854610443115e+00
4.342975765466690063e+00
3.235742747783660889e+00
4.510657936334609985e+00
4.081780612468719482e+00
3.442137911915779114e+00
3.425861969590187073e+00
4.340870678424835205e+00
4.232352524995803833e+00
4.311995208263397217e+00
4.624824225902557373e+00
2.485132381552830338e+00
2.913600243628025055e+00
3.675111085176467896e+00
4.470104426145553589e+00
3.191682249307632446e+00
4.217265248298645020e+00
3.730872049927711487e+00
4.165819287300109863e+00
4.604452699422836304e+00
3.973518610000610352e+00
4.030328243970870972e+00
3.814956694841384888e+00
3.891354054212570190e+00
4.131119251251220703e+00
4.302946031093597412e+00
3.201611265540122986e+00
3.188135847449302673e+00
4.152085781097412109e+00
4.275451153516769409e+00
3.999347239732742310e+00
3.739070147275924683e+00
3.459265455603599548e+00
2.890383824706077576e+00
3.866271674633026123e+00
4.002057164907455444e+00
3.873282819986343384e+00
3.770999461412429810e+00
4.254584163427352905e+00
4.220179766416549683e+00
3.569597750902175903e+00
3.852236866950988770e+00
3.529928922653198242e+00
3.364937230944633484e+00
3.652697652578353882e+00
3.171718195080757141e+00
4.280865937471389771e+00
4.884101897478103638e+00
2.352549107745289803e+00
4.037784636020660400e+00
2.667032442986965179e+00
4.218219816684722900e+00
3.780423253774642944e+00
4.172575622797012329e+00
3.413391560316085815e+00
3.382944315671920776e+00
4.186773598194122314e+00
4.066802561283111572e+00
4.050188064575195312e+00
3.514559715986251831e+00
2.349973376840353012e+00
3.657418712973594666e+00
3.644386380910873413e+00
4.040754139423370361e+00
3.274793848395347595e+00
4.222904443740844727e+00
3.039512708783149719e+00
2.997063957154750824e+00
3.419701755046844482e+00
4.208492487668991089e+00
4.202182292938232422e+00
3.825058788061141968e+00
2.900280281901359558e+00
4.102284163236618042e+00
4.886269420385360718e+00
3.536512404680252075e+00
3.510516658425331116e+00
3.676916807889938354e+00
3.538843765854835510e+00
3.010794036090373993e+00
4.597278982400894165e+00
4.966011047363281250e+00
3.838415294885635376e+00
3.949616551399230957e+00
4.824005812406539917e+00
4.890944808721542358e+00
4.999999701976776123e+00
3.172682970762252808e+00
3.810115158557891846e+00
4.465778172016143799e+00
5.000000298023223877e+00
4.408255666494369507e+00
3.513842672109603882e+00
3.302975744009017944e+00
4.949085414409637451e+00
4.307438582181930542e+00
3.323985859751701355e+00
4.992208927869796753e+00
4.872334599494934082e+00
3.898547589778900146e+00
4.931217730045318604e+00
3.570571616291999817e+00
3.038991428911685944e+00
4.946820586919784546e+00
3.407080322504043579e+00
3.509978204965591431e+00
4.232039153575897217e+00
4.144807457923889160e+00
3.364169523119926453e+00
4.281465709209442139e+00
4.228706806898117065e+00
3.718372657895088196e+00
4.680926501750946045e+00
3.073339983820915222e+00
4.298172295093536377e+00
4.312732964754104614e+00
3.646925091743469238e+00
3.769568353891372681e+00
4.926209598779678345e+00
4.959249347448348999e+00
4.256251305341720581e+00
4.341785311698913574e+00
4.269913434982299805e+00
3.138011097908020020e+00
3.340687677264213562e+00
4.009339958429336548e+00
3.412215635180473328e+00
2.919238209724426270e+00
3.349166810512542725e+00
3.733359798789024353e+00
4.540046751499176025e+00
3.844569921493530273e+00
4.220437407493591309e+00
3.163384199142456055e+00
3.457699120044708252e+00
3.234622702002525330e+00
4.941631406545639038e+00
4.744040518999099731e+00
4.857234209775924683e+00
4.656828790903091431e+00
2.779977433383464813e+00
2.870776876807212830e+00
3.821412175893783569e+00
4.735814481973648071e+00
3.685589358210563660e+00
3.545819446444511414e+00
4.563864171504974365e+00
4.232790917158126831e+00
4.800348579883575439e+00
3.656558990478515625e+00
4.396833479404449463e+00
4.913001805543899536e+00
4.746785312891006470e+00
4.882354736328125000e+00
4.239259511232376099e+00
4.042612463235855103e+00
4.761978983879089355e+00
3.744898661971092224e+00
3.617167249321937561e+00
3.024811893701553345e+00
3.792787343263626099e+00
3.674363046884536743e+00
3.334491774439811707e+00
4.165298044681549072e+00
3.022728003561496735e+00
2.796471752226352692e+00
2.804312165826559067e+00
4.372200369834899902e+00
4.905145466327667236e+00
3.630131036043167114e+00
3.498430475592613220e+00
3.957121670246124268e+00
3.214652761816978455e+00
3.719784691929817200e+00
3.110278397798538208e+00
4.368828535079956055e+00
4.362031519412994385e+00
3.699283823370933533e+00
3.734742030501365662e+00
4.920954704284667969e+00
4.499060064554214478e+00
4.525037854909896851e+00
3.995038568973541260e+00
4.241177588701248169e+00
4.576230198144912720e+00
4.838391989469528198e+00
4.254789054393768311e+00
4.461581707000732422e+00
3.278404846787452698e+00
2.916968502104282379e+00
4.133894145488739014e+00
3.323930650949478149e+00
4.406484365463256836e+00
4.630424231290817261e+00
3.495228812098503113e+00
3.346188962459564209e+00
4.671036303043365479e+00
4.152508229017257690e+00
3.750819116830825806e+00
3.285474851727485657e+00
3.483916223049163818e+00
4.051119685173034668e+00
3.947953283786773682e+00
4.362862408161163330e+00
4.254526048898696899e+00
4.556493908166885376e+00
4.590141922235488892e+00
4.528693854808807373e+00
4.743755161762237549e+00
4.187409430742263794e+00
4.194492846727371216e+00
4.143311232328414917e+00
4.326148480176925659e+00
3.668911755084991455e+00
4.078525900840759277e+00
4.176309704780578613e+00
4.574479460716247559e+00
3.463935330510139465e+00
4.396620690822601318e+00
4.230397492647171021e+00
2.868623323738574982e+00
4.090010672807693481e+00
2.898105941712856293e+00
4.157432764768600464e+00
4.390719234943389893e+00
4.525953233242034912e+00
2.783304266631603241e+00
3.348357528448104858e+00
4.244388639926910400e+00
4.258471876382827759e+00
4.100476503372192383e+00
3.885666429996490479e+00
4.648015350103378296e+00
4.355280399322509766e+00
4.285792261362075806e+00
4.759678095579147339e+00
3.814069479703903198e+00
2.837473191320896149e+00
4.595540910959243774e+00
4.729203432798385620e+00
4.553901404142379761e+00
4.542094469070434570e+00
4.903216361999511719e+00
4.953820109367370605e+00
3.652922511100769043e+00
4.083617627620697021e+00
3.557990714907646179e+00
3.613628596067428589e+00
4.648877233266830444e+00
4.009675681591033936e+00
4.009374380111694336e+00
3.958079814910888672e+00
3.127681612968444824e+00
4.696506708860397339e+00
4.118135571479797363e+00
4.824645221233367920e+00
4.463494867086410522e+00
4.745339006185531616e+00
3.959584832191467285e+00
4.294295608997344971e+00
3.930225670337677002e+00
4.266036599874496460e+00
4.171372950077056885e+00
4.306904673576354980e+00
3.719446361064910889e+00
3.569213002920150757e+00
3.845407515764236450e+00
4.257303923368453979e+00
4.076838940382003784e+00
3.901226520538330078e+00
4.269443303346633911e+00
4.645293354988098145e+00
3.554519638419151306e+00
3.259884640574455261e+00
4.221249520778656006e+00
3.690638989210128784e+00
3.905255645513534546e+00
3.824605196714401245e+00
3.973209112882614136e+00
4.060926884412765503e+00
3.697776347398757935e+00
4.679655879735946655e+00
3.696094006299972534e+00
3.317738696932792664e+00
2.424838352017104626e+00
4.075592011213302612e+00
3.938877135515213013e+00
3.586879745125770569e+00
3.716721534729003906e+00
3.263620063662528992e+00
3.628641963005065918e+00
4.194810837507247925e+00
4.132794290781021118e+00
4.624116867780685425e+00
4.311714917421340942e+00
4.511651247739791870e+00
4.034200459718704224e+00
4.514861404895782471e+00
4.329437315464019775e+00
3.544107303023338318e+00
4.696906059980392456e+00
4.593996405601501465e+00
3.481351360678672791e+00
3.533118218183517456e+00
3.990953415632247925e+00
3.826958537101745605e+00
3.699704855680465698e+00
2.711795195937156677e+00
3.333261385560035706e+00
2.457999214529991150e+00
4.611777663230895996e+00
3.403637409210205078e+00
3.610171675682067871e+00
4.016822427511215210e+00
4.070634245872497559e+00
3.447382301092147827e+00
4.155487120151519775e+00
3.358580693602561951e+00
3.076539449393749237e+00
4.389923959970474243e+00
3.841803222894668579e+00
4.640115648508071899e+00
3.780103474855422974e+00
3.376593515276908875e+00
4.614826738834381104e+00
3.305214196443557739e+00
3.654850274324417114e+00
2.790147680789232254e+00
4.043693840503692627e+00
3.934488743543624878e+00
4.425141215324401855e+00
3.130712211132049561e+00
3.948347121477127075e+00
4.036664068698883057e+00
4.262663871049880981e+00
3.832646310329437256e+00
3.489294871687889099e+00
4.007715135812759399e+00
3.770898729562759399e+00
4.173518419265747070e+00
4.348193258047103882e+00
3.500951454043388367e+00
3.889775723218917847e+00
4.818080663681030273e+00
3.710383623838424683e+00
3.815543949604034424e+00
4.515357166528701782e+00
4.298732429742813110e+00
4.583065211772918701e+00
3.497225791215896606e+00
3.199337720870971680e+00
4.293795675039291382e+00
4.309240579605102539e+00
4.196975827217102051e+00
2.723081689327955246e+00
3.282883912324905396e+00
3.960080742835998535e+00
4.025159478187561035e+00
3.354371637105941772e+00
3.694105967879295349e+00
3.828753530979156494e+00
4.517608433961868286e+00
4.828463643789291382e+00
3.553965911269187927e+00
4.619525671005249023e+00
2.977197319269180298e+00
3.513876795768737793e+00
3.593952506780624390e+00
3.885942846536636353e+00
3.083131350576877594e+00
2.427803152240812778e+00
3.121670298278331757e+00
3.874558359384536743e+00
4.062746167182922363e+00
4.647364914417266846e+00
3.952201157808303833e+00
3.466580212116241455e+00
3.583351597189903259e+00
3.136225640773773193e+00
3.469848185777664185e+00
4.401675909757614136e+00
3.039910346269607544e+00
4.514784067869186401e+00
4.676539748907089233e+00
4.440147429704666138e+00
4.034995883703231812e+00
3.141324818134307861e+00
3.241209462285041809e+00
3.534952551126480103e+00
3.887924700975418091e+00
4.712772667407989502e+00
3.170246556401252747e+00
3.572450876235961914e+00
3.188524246215820312e+00
3.711396008729934692e+00
4.305701851844787598e+00
3.861088305711746216e+00
4.041076153516769409e+00
4.197411984205245972e+00
4.158020764589309692e+00
2.635640148073434830e+00
3.327295780181884766e+00
2.930106669664382935e+00
3.616757169365882874e+00
4.463930577039718628e+00
4.221051633358001709e+00
3.573708161711692810e+00
3.998747318983078003e+00
4.108058959245681763e+00
3.761716485023498535e+00
3.340828940272331238e+00
3.093638680875301361e+00
3.682445213198661804e+00
2.834310792386531830e+00
4.145358949899673462e+00
3.011553995311260223e+00
3.745497241616249084e+00
3.387677296996116638e+00
3.897559493780136108e+00
3.506429120898246765e+00
4.114319682121276855e+00
3.932872265577316284e+00
4.054425209760665894e+00
4.122222810983657837e+00
3.857105821371078491e+00
3.786697089672088623e+00
4.264965355396270752e+00
2.492480161017738283e+00
4.060077369213104248e+00
4.364190995693206787e+00
3.545959740877151489e+00
4.056426137685775757e+00
3.209212273359298706e+00
3.757059872150421143e+00
3.745513260364532471e+00
4.228710383176803589e+00
4.025162011384963989e+00
3.368320614099502563e+00
4.128264933824539185e+00
4.254075586795806885e+00
4.302897900342941284e+00
3.079057931900024414e+00
3.687925934791564941e+00
4.063554704189300537e+00
3.053821623325347900e+00
3.456926345825195312e+00
3.892749547958374023e+00
2.770627122372388840e+00
2.930841706693172455e+00
2.795613314956426620e+00
3.332653194665908813e+00
3.371334746479988098e+00
3.657534718513488770e+00
2.962234765291213989e+00
4.019801914691925049e+00
2.995998039841651917e+00
3.619916886091232300e+00
2.867723032832145691e+00
3.181393519043922424e+00
3.711401447653770447e+00
2.885494083166122437e+00
3.882929682731628418e+00
4.013593643903732300e+00
3.833654969930648804e+00
4.312203675508499146e+00
4.383564442396163940e+00
3.814686983823776245e+00
2.892001569271087646e+00
2.954106405377388000e+00
4.270235747098922729e+00
3.671335726976394653e+00
3.057118952274322510e+00
4.120112061500549316e+00
4.199713170528411865e+00
3.373563885688781738e+00
3.579682409763336182e+00
3.614207357168197632e+00
3.533422499895095825e+00
2.467697302345186472e+00
3.434800282120704651e+00
4.641184657812118530e+00
2.747910320758819580e+00
3.477664142847061157e+00
4.088395535945892334e+00
3.253934606909751892e+00
3.955696821212768555e+00
3.599529266357421875e+00
3.293760195374488831e+00
2.829203419387340546e+00
3.584505468606948853e+00
2.978004701435565948e+00
3.988149464130401611e+00
4.473973214626312256e+00
3.066780343651771545e+00
3.866442888975143433e+00
3.954083472490310669e+00
3.926538228988647461e+00
4.745490103960037231e+00
4.428388476371765137e+00
3.434994444251060486e+00
4.011642336845397949e+00
3.319507911801338196e+00
4.370621740818023682e+00
4.105649739503860474e+00
3.352385833859443665e+00
3.453711569309234619e+00
3.298536017537117004e+00
4.074800908565521240e+00
2.721960023045539856e+00
4.143158495426177979e+00
2.829745747148990631e+00
3.092599660158157349e+00
3.818042278289794922e+00
2.991674952208995819e+00
3.108178414404392242e+00
2.778669726103544235e+00
3.273944407701492310e+00
3.752911090850830078e+00
2.992804236710071564e+00
3.556039854884147644e+00
3.793755620718002319e+00
4.048606306314468384e+00
3.501101359724998474e+00
3.455721586942672729e+00
3.424848541617393494e+00
2.297064960002899170e+00
2.816847115755081177e+00
3.442700579762458801e+00
4.113962203264236450e+00
3.559406921267509460e+00
3.827762901782989502e+00
2.274521514773368835e+00
4.120363742113113403e+00
4.051111936569213867e+00
3.710205629467964172e+00
3.528833538293838501e+00
3.916879892349243164e+00
3.488804399967193604e+00
3.435325250029563904e+00
2.546705305576324463e+00
3.361731395125389099e+00
3.813259303569793701e+00
3.085557594895362854e+00
3.463387936353683472e+00
3.545322939753532410e+00
3.370139747858047485e+00
3.547559455037117004e+00
3.556429669260978699e+00
3.216273933649063110e+00
3.711462989449501038e+00
4.261915683746337891e+00
3.636305779218673706e+00
3.670355156064033508e+00
3.364551514387130737e+00
2.432313463650643826e+00
3.168225437402725220e+00
2.437978349626064301e+00
2.844946272671222687e+00
3.498435243964195251e+00
3.877486586570739746e+00
3.700915724039077759e+00
3.514923304319381714e+00
4.532757848501205444e+00
3.456208184361457825e+00
2.930976450443267822e+00
3.010968416929244995e+00
3.283997327089309692e+00
3.550733551383018494e+00
4.296012669801712036e+00
3.079618066549301147e+00
3.595669865608215332e+00
3.295984044671058655e+00
3.440732583403587341e+00
2.477279105223715305e+00
3.098090998828411102e+00
4.316882193088531494e+00
4.664760977029800415e+00
4.205459207296371460e+00
2.468945253640413284e+00
2.592409923672676086e+00
3.286032751202583313e+00
3.572524264454841614e+00
2.437692079693078995e+00
2.360558817163109779e+00
2.771867588162422180e+00
3.893868476152420044e+00
2.866974212229251862e+00
3.076799996197223663e+00
2.996403761208057404e+00
2.933428473770618439e+00
2.409566594287753105e+00
2.518769184825941920e+00
3.007115609943866730e+00
2.493879018584266305e+00
3.122403100132942200e+00
3.103197589516639709e+00
3.300744444131851196e+00
3.010473363101482391e+00
3.260850533843040466e+00
3.477525934576988220e+00
3.005588687956333160e+00
3.791598230600357056e+00
2.477294760756194592e+00
2.346094511449337006e+00
3.576454296708106995e+00
3.189843595027923584e+00
3.028530329465866089e+00
2.459623571485280991e+00
3.637291789054870605e+00
3.508519902825355530e+00
2.727472130209207535e+00
2.434103274717926979e+00
2.957402467727661133e+00
2.822608686983585358e+00
3.238707631826400757e+00
3.340283632278442383e+00
3.527494817972183228e+00
3.209840953350067139e+00
3.683453947305679321e+00
3.455685824155807495e+00
2.654464477673172951e+00
2.986215390264987946e+00
3.140963464975357056e+00
2.695448137819766998e+00
3.060958497226238251e+00
2.450295230373740196e+00
2.608240814879536629e+00
3.211561590433120728e+00
3.358042314648628235e+00
3.882744908332824707e+00
2.930561080574989319e+00
2.922750785946846008e+00
3.025547377765178680e+00
2.951736859977245331e+00
4.361468553543090820e+00
2.989307455718517303e+00
3.331056162714958191e+00
2.712993565946817398e+00
2.974417880177497864e+00
3.372002691030502319e+00
3.288523480296134949e+00
2.970962636172771454e+00
3.846805244684219360e+00
2.587336869910359383e+00
3.163025900721549988e+00
3.352891653776168823e+00
2.929292134940624237e+00
2.962551228702068329e+00
3.741360381245613098e+00
3.552794456481933594e+00
2.917075082659721375e+00
3.836748600006103516e+00
2.821389138698577881e+00
3.526787459850311279e+00
3.060692772269248962e+00
3.023904934525489807e+00
2.686529159545898438e+00
3.358682617545127869e+00
3.109635487198829651e+00
2.960267551243305206e+00
3.550563678145408630e+00
3.970794826745986938e+00
2.467373011168092489e+00
3.322895541787147522e+00
3.002468980848789215e+00
2.483672032831236720e+00
4.030441045761108398e+00
3.364938572049140930e+00
3.573549464344978333e+00
2.661558371037244797e+00
2.563578090630471706e+00
2.350052949041128159e+00
3.387022241950035095e+00
3.030760139226913452e+00
3.847438544034957886e+00
3.577691018581390381e+00
3.991375863552093506e+00
3.519080579280853271e+00
3.677699714899063110e+00
2.434964803978800774e+00
3.309046179056167603e+00
2.799943145364522934e+00
2.411063769832253456e+00
2.284543104469776154e+00
3.065806291997432709e+00
3.051529675722122192e+00
3.002995066344738007e+00
2.441736827604472637e+00
2.577159390784800053e+00
3.073989488184452057e+00
3.128201663494110107e+00
2.371156113222241402e+00
3.691244423389434814e+00
3.146071434020996094e+00
3.332715407013893127e+00
3.158215060830116272e+00
2.945594042539596558e+00
2.943237796425819397e+00
3.144257068634033203e+00
2.952461354434490204e+00
2.798642981797456741e+00
2.324995882809162140e+00
3.010799549520015717e+00
3.189230114221572876e+00
2.987116724252700806e+00
2.954286821186542511e+00
2.838182486593723297e+00
2.639092281460762024e+00
3.251660689711570740e+00
3.729852065443992615e+00
3.287386000156402588e+00
3.060571476817131042e+00
3.350219130516052246e+00
3.024029545485973358e+00
3.250701949000358582e+00
3.493477627635002136e+00
2.724388688802719116e+00
2.508621323504485190e+00
3.709269687533378601e+00
3.669068515300750732e+00
2.445917907170951366e+00
2.378040859475731850e+00
3.586883097887039185e+00
2.437400887720286846e+00
3.538063094019889832e+00
3.246800974011421204e+00
3.437724411487579346e+00
3.401870205998420715e+00
3.631185963749885559e+00
3.357384055852890015e+00
2.787745241075754166e+00
2.926217354834079742e+00
3.485779538750648499e+00
2.583608580753207207e+00
2.730653211474418640e+00
2.448957567103207111e+00
3.263769149780273438e+00
2.383861066773533821e+00
2.674501314759254456e+00
3.087409660220146179e+00
3.191915005445480347e+00
3.370808213949203491e+00
3.052083663642406464e+00
2.824014015495777130e+00
2.522153793834149837e+00
2.509170042467303574e+00
3.074834719300270081e+00
3.576255291700363159e+00
3.072930611670017242e+00
2.363505084067583084e+00
2.654353836551308632e+00
3.548627644777297974e+00
2.718929070979356766e+00
3.327476009726524353e+00
2.984736636281013489e+00
2.554837022908031940e+00
2.681515160948038101e+00
2.602968839928507805e+00
2.635539462789893150e+00
2.949108891189098358e+00
2.748146355152130127e+00
3.491950556635856628e+00
3.016788139939308167e+00
2.244029659777879715e+00
2.662596516311168671e+00
4.241343736648559570e+00
2.599189039319753647e+00
3.074746653437614441e+00
2.573639806360006332e+00
3.821129500865936279e+00
3.807486742734909058e+00
2.496658140444196761e+00
2.662639562040567398e+00
2.813375964760780334e+00
3.441338688135147095e+00
4.110874235630035400e+00
2.796755060553550720e+00
