3.446473479270935059e+00
3.348959982395172119e+00
3.427208885550498962e+00
3.517267927527427673e+00
4.512108713388442993e+00
3.349406123161315918e+00
3.277926743030548096e+00
3.004270009696483612e+00
4.527647346258163452e+00
3.549632951617240906e+00
2.990430966019630432e+00
3.489255905151367188e+00
4.436292648315429688e+00
4.091728627681732178e+00
4.767596423625946045e+00
3.980683535337448120e+00
3.328672125935554504e+00
2.779520954936742783e+00
3.817102313041687012e+00
3.232103288173675537e+00
4.460396766662597656e+00
3.977612257003784180e+00
3.630072325468063354e+00
4.716288596391677856e+00
3.174544945359230042e+00
2.616145657375454903e+00
4.436657130718231201e+00
4.028758257627487183e+00
2.651385953649878502e+00
4.340462833642959595e+00
3.391372710466384888e+00
3.594248965382575989e+00
3.493140488862991333e+00
2.986611798405647278e+00
2.937765568494796753e+00
3.044701553881168365e+00
4.322668015956878662e+00
4.016641825437545776e+00
3.790218681097030640e+00
3.094633854925632477e+00
3.869095444679260254e+00
3.330926597118377686e+00
2.826668284833431244e+00
3.839294165372848511e+00
4.499381929636001587e+00
3.459046408534049988e+00
3.308291062712669373e+00
4.631975740194320679e+00
4.110052138566970825e+00
3.657002002000808716e+00
3.662505149841308594e+00
3.259068652987480164e+00
2.515734783373773098e+00
4.155169725418090820e+00
4.746966660022735596e+00
3.680324479937553406e+00
3.218925520777702332e+00
3.307521864771842957e+00
4.268488287925720215e+00
4.154264181852340698e+00
3.141767606139183044e+00
3.887714296579360962e+00
3.930271267890930176e+00
3.140582293272018433e+00
3.990978151559829712e+00
3.302123844623565674e+00
4.615773558616638184e+00
4.543849229812622070e+00
3.767554908990859985e+00
3.306860998272895813e+00
4.054537117481231689e+00
3.093056827783584595e+00
3.512568175792694092e+00
3.041586652398109436e+00
3.236742168664932251e+00
3.305031284689903259e+00
3.534971252083778381e+00
3.697870895266532898e+00
3.444229587912559509e+00
3.365935310721397400e+00
3.079785667359828949e+00
3.751981556415557861e+00
3.478814139962196350e+00
4.657446295022964478e+00
3.571795895695686340e+00
3.343852832913398743e+00
2.358848284929990768e+00
4.381531625986099243e+00
4.298662245273590088e+00
3.545412495732307434e+00
2.681257352232933044e+00
3.292950019240379333e+00
4.383027702569961548e+00
3.576913475990295410e+00
3.606949448585510254e+00
3.443393558263778687e+00
3.150713518261909485e+00
3.635412007570266724e+00
3.337560072541236877e+00
2.720427270978689194e+00
4.153135418891906738e+00
4.547006040811538696e+00
3.799313306808471680e+00
3.652264028787612915e+00
3.149456754326820374e+00
3.037903271615505219e+00
4.482574760913848877e+00
4.436213076114654541e+00
3.434271067380905151e+00
4.651771336793899536e+00
3.123016841709613800e+00
3.542409017682075500e+00
3.468724563717842102e+00
3.298616483807563782e+00
3.969320207834243774e+00
3.861067295074462891e+00
3.464809507131576538e+00
3.084438741207122803e+00
3.302943482995033264e+00
3.109505809843540192e+00
3.944865167140960693e+00
3.491021171212196350e+00
2.909023389220237732e+00
3.362649306654930115e+00
3.460982516407966614e+00
3.576061502099037170e+00
3.619038462638854980e+00
3.572628796100616455e+00
3.992638885974884033e+00
3.437635079026222229e+00
3.880763202905654907e+00
3.120122291147708893e+00
3.587021455168724060e+00
3.504865542054176331e+00
3.790205866098403931e+00
3.468305766582489014e+00
4.835421293973922729e+00
4.530963301658630371e+00
2.596662566065788269e+00
4.250657260417938232e+00
3.211875632405281067e+00
4.155436456203460693e+00
4.326600879430770874e+00
4.608524888753890991e+00
3.979824334383010864e+00
3.981138765811920166e+00
3.397251293063163757e+00
3.572496846318244934e+00
3.485734015703201294e+00
3.252281770110130310e+00
3.183700889348983765e+00
3.134432733058929443e+00
4.659351855516433716e+00
3.093353211879730225e+00
3.449780046939849854e+00
4.381704628467559814e+00
2.583277588710188866e+00
2.679900191724300385e+00
3.778471797704696655e+00
3.385792300105094910e+00
3.187786862254142761e+00
4.690286964178085327e+00
2.995125465095043182e+00
3.510050997138023376e+00
3.990821689367294312e+00
3.516911193728446960e+00
3.457702174782752991e+00
3.164822533726692200e+00
2.795380912721157074e+00
4.244375675916671753e+00
3.510630503296852112e+00
3.754896372556686401e+00
3.446930572390556335e+00
3.343285024166107178e+00
3.515939414501190186e+00
4.690832048654556274e+00
3.390739858150482178e+00
3.309605345129966736e+00
4.798122942447662354e+00
4.021407216787338257e+00
3.480874076485633850e+00
3.010767400264739990e+00
3.740650042891502380e+00
3.341473117470741272e+00
3.627698421478271484e+00
3.490531817078590393e+00
3.015657626092433929e+00
3.429559841752052307e+00
3.175777047872543335e+00
3.171683177351951599e+00
3.541903644800186157e+00
2.876019962131977081e+00
2.967972569167613983e+00
3.397612050175666809e+00
3.381514549255371094e+00
4.313400536775588989e+00
3.226546570658683777e+00
3.713078051805496216e+00
3.147945851087570190e+00
3.824408948421478271e+00
3.619122952222824097e+00
4.114832431077957153e+00
4.398857057094573975e+00
3.382430821657180786e+00
2.723615486174821854e+00
4.429313391447067261e+00
4.685304909944534302e+00
2.921241261065006256e+00
3.389508873224258423e+00
4.595388025045394897e+00
4.034297764301300049e+00
4.010961353778839111e+00
3.387460857629776001e+00
2.970667816698551178e+00
3.449103534221649170e+00
3.112908229231834412e+00
3.631816953420639038e+00
3.499345034360885620e+00
3.681059777736663818e+00
3.295147866010665894e+00
3.322314172983169556e+00
4.264519363641738892e+00
3.661966398358345032e+00
4.420100748538970947e+00
3.620343208312988281e+00
2.810535728931427002e+00
3.166684806346893311e+00
3.642967492341995239e+00
3.206014856696128845e+00
3.547660410404205322e+00
3.701660409569740295e+00
3.026058115065097809e+00
3.971492499113082886e+00
2.739109676331281662e+00
3.303795233368873596e+00
3.597999438643455505e+00
3.394872695207595825e+00
3.071796335279941559e+00
3.264442160725593567e+00
3.079016096889972687e+00
4.103593975305557251e+00
4.012597054243087769e+00
3.582825437188148499e+00
3.591730296611785889e+00
2.530390608590096235e+00
3.818083703517913818e+00
3.408118411898612976e+00
4.362206757068634033e+00
3.498860746622085571e+00
4.933120608329772949e+00
3.357857540249824524e+00
2.828532680869102478e+00
3.765276968479156494e+00
2.642952874302864075e+00
2.901977971196174622e+00
3.659818470478057861e+00
3.229936137795448303e+00
3.815623521804809570e+00
3.559923470020294189e+00
3.550631478428840637e+00
3.141816258430480957e+00
4.038456976413726807e+00
3.994526565074920654e+00
3.560580164194107056e+00
2.889875248074531555e+00
4.050011336803436279e+00
3.571893721818923950e+00
4.046095013618469238e+00
3.238022476434707642e+00
4.588226526975631714e+00
3.341232389211654663e+00
3.801603317260742188e+00
4.831150025129318237e+00
3.777954876422882080e+00
3.385956212878227234e+00
3.362251147627830505e+00
3.083080127835273743e+00
3.306835070252418518e+00
3.096961639821529388e+00
4.301200211048126221e+00
2.944476455450057983e+00
2.872520834207534790e+00
2.425009342841804028e+00
3.797454982995986938e+00
3.318995386362075806e+00
2.843843065202236176e+00
3.689343035221099854e+00
3.085488528013229370e+00
3.220456242561340332e+00
3.464733511209487915e+00
3.576487824320793152e+00
4.288851916790008545e+00
4.818288236856460571e+00
3.312156647443771362e+00
3.833332657814025879e+00
3.134813457727432251e+00
3.436373993754386902e+00
3.811440914869308472e+00
3.813697397708892822e+00
4.278693199157714844e+00
3.776237964630126953e+00
4.533210843801498413e+00
3.478678390383720398e+00
4.200229942798614502e+00
3.342701494693756104e+00
4.904641062021255493e+00
3.471657633781433105e+00
3.968419283628463745e+00
2.843395471572875977e+00
4.841025471687316895e+00
4.456233680248260498e+00
3.532661944627761841e+00
3.046595305204391479e+00
4.812258332967758179e+00
2.594495275989174843e+00
3.277736753225326538e+00
3.505037203431129456e+00
3.481273949146270752e+00
4.105115979909896851e+00
3.489616438746452332e+00
2.856080271303653717e+00
3.719285577535629272e+00
3.076492734253406525e+00
3.944906443357467651e+00
2.821093425154685974e+00
3.206244781613349915e+00
2.903023585677146912e+00
3.096470125019550323e+00
3.919745385646820068e+00
3.309447839856147766e+00
3.336625099182128906e+00
3.510009050369262695e+00
3.691293001174926758e+00
3.321814984083175659e+00
4.287970811128616333e+00
3.984834551811218262e+00
3.126456812024116516e+00
3.268980458378791809e+00
4.105740189552307129e+00
4.161050170660018921e+00
3.499270081520080566e+00
3.231167420744895935e+00
3.428318053483963013e+00
2.899645641446113586e+00
4.056448787450790405e+00
3.110131509602069855e+00
3.440875038504600525e+00
3.457733318209648132e+00
2.802692949771881104e+00
3.352770432829856873e+00
3.528011590242385864e+00
3.985337316989898682e+00
4.311494529247283936e+00
3.034686744213104248e+00
3.532180115580558777e+00
3.411088362336158752e+00
4.073550850152969360e+00
2.973921746015548706e+00
3.725095689296722412e+00
3.941261917352676392e+00
3.642828762531280518e+00
4.021056294441223145e+00
2.826008237898349762e+00
3.100127726793289185e+00
3.348135501146316528e+00
3.677352368831634521e+00
3.515777364373207092e+00
3.216936364769935608e+00
3.803770393133163452e+00
3.345933482050895691e+00
4.012696295976638794e+00
2.860196642577648163e+00
3.220205456018447876e+00
3.455895483493804932e+00
3.889136314392089844e+00
3.577983155846595764e+00
4.225118458271026611e+00
3.850756138563156128e+00
3.229408189654350281e+00
3.526321947574615479e+00
3.198054432868957520e+00
4.037254601716995239e+00
3.477999046444892883e+00
4.184693992137908936e+00
2.821084260940551758e+00
4.623375833034515381e+00
3.177954554557800293e+00
2.683421224355697632e+00
3.654324561357498169e+00
4.006883502006530762e+00
2.593618268147110939e+00
3.009185306727886200e+00
3.602944910526275635e+00
2.737472094595432281e+00
2.865822836756706238e+00
3.513081744313240051e+00
4.804501831531524658e+00
3.664976283907890320e+00
3.133084997534751892e+00
4.618361741304397583e+00
3.661426231265068054e+00
3.581087812781333923e+00
3.665371537208557129e+00
3.230753242969512939e+00
4.634595215320587158e+00
3.278955295681953430e+00
4.249522686004638672e+00
3.834409564733505249e+00
3.298844099044799805e+00
3.736388236284255981e+00
4.151139110326766968e+00
3.555125445127487183e+00
3.217088058590888977e+00
3.193874880671501160e+00
4.832235723733901978e+00
3.869628608226776123e+00
3.544641211628913879e+00
4.293332099914550781e+00
3.875422179698944092e+00
2.828813903033733368e+00
3.349789977073669434e+00
4.676494598388671875e+00
3.307053074240684509e+00
3.315011933445930481e+00
3.015314005315303802e+00
2.636588076129555702e+00
3.590254485607147217e+00
3.525084555149078369e+00
3.506599739193916321e+00
3.485382571816444397e+00
3.230742365121841431e+00
4.138078838586807251e+00
4.822398573160171509e+00
3.517074212431907654e+00
3.208059519529342651e+00
2.996556982398033142e+00
3.353921398520469666e+00
3.123457916080951691e+00
3.635150417685508728e+00
3.132516294717788696e+00
3.466969132423400879e+00
4.368419945240020752e+00
3.111417032778263092e+00
3.176618367433547974e+00
3.654479384422302246e+00
4.153914600610733032e+00
3.876647800207138062e+00
4.376991689205169678e+00
3.497486934065818787e+00
3.998690992593765259e+00
3.955472558736801147e+00
3.272499963641166687e+00
3.251626938581466675e+00
3.357543870806694031e+00
3.047011904418468475e+00
3.053753376007080078e+00
3.630196973681449890e+00
3.096452802419662476e+00
2.559530185535550117e+00
3.667136654257774353e+00
4.074514061212539673e+00
2.971203513443470001e+00
3.518004715442657471e+00
2.742891050875186920e+00
2.667982596904039383e+00
3.416298478841781616e+00
3.411016762256622314e+00
3.739712983369827271e+00
4.010138064622879028e+00
3.119568265974521637e+00
3.439278006553649902e+00
3.632969856262207031e+00
3.813412636518478394e+00
3.543050438165664673e+00
4.067184329032897949e+00
4.398802071809768677e+00
3.386228382587432861e+00
3.199778720736503601e+00
3.233257979154586792e+00
3.762530833482742310e+00
4.382974356412887573e+00
3.392084389925003052e+00
3.348314464092254639e+00
3.492026850581169128e+00
3.801893442869186401e+00
2.890296317636966705e+00
3.724307790398597717e+00
2.985902056097984314e+00
3.435840755701065063e+00
3.069323413074016571e+00
4.369125366210937500e+00
4.194679260253906250e+00
3.261232525110244751e+00
4.216545820236206055e+00
4.750404506921768188e+00
3.513169661164283752e+00
4.556685537099838257e+00
3.703766018152236938e+00
3.298743367195129395e+00
3.212027996778488159e+00
3.219041973352432251e+00
3.568348959088325500e+00
3.103048838675022125e+00
3.340746089816093445e+00
3.529606014490127563e+00
4.903323203325271606e+00
3.196979090571403503e+00
3.858583867549896240e+00
3.664012700319290161e+00
3.379084840416908264e+00
3.536504507064819336e+00
3.472136035561561584e+00
2.964992783963680267e+00
3.187283352017402649e+00
3.342069461941719055e+00
3.845443874597549438e+00
3.478178828954696655e+00
2.926209717988967896e+00
3.814162313938140869e+00
3.494444563984870911e+00
3.744044676423072815e+00
3.520275428891181946e+00
3.460849747061729431e+00
3.965540677309036255e+00
3.761365562677383423e+00
3.484762385487556458e+00
3.483090847730636597e+00
4.233761429786682129e+00
3.506772369146347046e+00
3.456283882260322571e+00
3.962423056364059448e+00
3.894646018743515015e+00
3.213947564363479614e+00
3.900910168886184692e+00
3.587232753634452820e+00
3.377299904823303223e+00
4.678198993206024170e+00
3.365100994706153870e+00
3.368674814701080322e+00
3.599907606840133667e+00
3.029464967548847198e+00
3.333216011524200439e+00
3.782810568809509277e+00
4.057779759168624878e+00
2.927666902542114258e+00
3.063335344195365906e+00
3.185697719454765320e+00
2.915388308465480804e+00
4.181199818849563599e+00
4.726698547601699829e+00
3.425281941890716553e+00
3.868442326784133911e+00
3.477931171655654907e+00
3.351375684142112732e+00
3.875127136707305908e+00
3.081076517701148987e+00
4.748560041189193726e+00
3.448560982942581177e+00
4.173891693353652954e+00
3.106631524860858917e+00
3.265710398554801941e+00
3.227776288986206055e+00
3.460170701146125793e+00
3.464122936129570007e+00
4.680309891700744629e+00
3.601379320025444031e+00
4.409069567918777466e+00
3.467778339982032776e+00
3.361813798546791077e+00
3.224480003118515015e+00
3.997798413038253784e+00
4.699419289827346802e+00
3.134407997131347656e+00
2.848288193345069885e+00
3.255785480141639709e+00
3.808214664459228516e+00
3.441351354122161865e+00
3.818062394857406616e+00
3.743694052100181580e+00
3.596092164516448975e+00
3.439703136682510376e+00
4.716684520244598389e+00
3.755100220441818237e+00
3.564405217766761780e+00
3.907785117626190186e+00
3.379732221364974976e+00
3.598516061902046204e+00
3.250838071107864380e+00
3.425877690315246582e+00
3.421391323208808899e+00
3.281551375985145569e+00
4.168719947338104248e+00
4.076398313045501709e+00
4.163040667772293091e+00
3.654508218169212341e+00
4.388768970966339111e+00
4.095182567834854126e+00
3.685775771737098694e+00
3.555575534701347351e+00
3.335944563150405884e+00
3.277256265282630920e+00
3.566114753484725952e+00
3.289794102311134338e+00
3.944281339645385742e+00
3.591247126460075378e+00
3.378867879509925842e+00
2.926782555878162384e+00
2.734623029828071594e+00
3.887740373611450195e+00
4.253666847944259644e+00
3.501711413264274597e+00
3.750991076231002808e+00
2.837919592857360840e+00
3.290576040744781494e+00
3.474202081561088562e+00
4.550832360982894897e+00
4.568913578987121582e+00
4.553443938493728638e+00
3.225062191486358643e+00
2.998792417347431183e+00
3.051159344613552094e+00
2.672004532068967819e+00
4.337406158447265625e+00
3.633427023887634277e+00
4.154312759637832642e+00
3.957159370183944702e+00
2.906625010073184967e+00
3.873269855976104736e+00
3.810921758413314819e+00
4.050291776657104492e+00
3.480865731835365295e+00
3.229700401425361633e+00
3.969930559396743774e+00
3.538360148668289185e+00
3.375003114342689514e+00
3.260666951537132263e+00
3.217276707291603088e+00
4.073599278926849365e+00
3.981804102659225464e+00
3.779732882976531982e+00
2.912369966506958008e+00
3.779814094305038452e+00
3.968724757432937622e+00
3.885035514831542969e+00
3.573588952422142029e+00
3.865972459316253662e+00
3.359392806887626648e+00
4.216852933168411255e+00
2.794259544461965561e+00
3.155546784400939941e+00
3.753285408020019531e+00
3.301201984286308289e+00
4.206644296646118164e+00
3.463401049375534058e+00
3.747638314962387085e+00
3.216418102383613586e+00
4.075043052434921265e+00
3.077806979417800903e+00
4.007418900728225708e+00
3.961127698421478271e+00
3.370882570743560791e+00
3.494116589426994324e+00
4.677325785160064697e+00
3.778155744075775146e+00
3.647933602333068848e+00
3.274409472942352295e+00
4.091222882270812988e+00
3.008692525327205658e+00
3.144638836383819580e+00
4.100100845098495483e+00
3.556626439094543457e+00
2.776887267827987671e+00
3.069960065186023712e+00
2.934037931263446808e+00
4.111616015434265137e+00
4.694693386554718018e+00
3.179649934172630310e+00
4.241203069686889648e+00
4.039838314056396484e+00
2.971791699528694153e+00
3.579389303922653198e+00
2.634786134585738182e+00
3.366998732089996338e+00
4.096215367317199707e+00
3.737130612134933472e+00
2.840682528913021088e+00
3.732978031039237976e+00
3.231795355677604675e+00
3.494782447814941406e+00
3.403808847069740295e+00
3.670820891857147217e+00
3.253330513834953308e+00
3.057888634502887726e+00
3.135912492871284485e+00
3.697314262390136719e+00
3.410056456923484802e+00
2.892873324453830719e+00
3.210781440138816833e+00
3.076715543866157532e+00
3.970068991184234619e+00
3.371421694755554199e+00
3.470127284526824951e+00
3.444577082991600037e+00
3.471474796533584595e+00
3.861375749111175537e+00
4.477267861366271973e+00
3.436373993754386902e+00
3.561319261789321899e+00
3.159291595220565796e+00
3.211993575096130371e+00
3.173715919256210327e+00
3.906827121973037720e+00
3.944154530763626099e+00
3.656808212399482727e+00
2.735427040606737137e+00
2.759029474109411240e+00
3.001750446856021881e+00
2.955020852386951447e+00
3.453880771994590759e+00
2.709175422787666321e+00
3.594444468617439270e+00
3.090777136385440826e+00
3.115426376461982727e+00
4.080623537302017212e+00
2.769781015813350677e+00
3.209846168756484985e+00
3.231479376554489136e+00
3.571645095944404602e+00
3.096338845789432526e+00
3.341984301805496216e+00
3.055911548435688019e+00
4.318597465753555298e+00
2.612796211615204811e+00
4.691417068243026733e+00
3.450031057000160217e+00
3.357686847448348999e+00
3.832313418388366699e+00
3.352803960442543030e+00
3.318777307868003845e+00
3.733771443367004395e+00
3.481445312500000000e+00
3.215605691075325012e+00
4.676642268896102905e+00
4.396524131298065186e+00
3.425841778516769409e+00
4.117288291454315186e+00
3.866936117410659790e+00
3.541329503059387207e+00
3.389922305941581726e+00
3.608932122588157654e+00
4.580331295728683472e+00
3.334163948893547058e+00
4.223248958587646484e+00
3.519871681928634644e+00
3.496515601873397827e+00
3.451109156012535095e+00
3.163753151893615723e+00
3.783856630325317383e+00
3.952802717685699463e+00
3.604329079389572144e+00
2.816362343728542328e+00
4.844812005758285522e+00
2.760262936353683472e+00
3.453662544488906860e+00
3.671063184738159180e+00
4.903908520936965942e+00
3.707888945937156677e+00
2.676236219704151154e+00
2.718704678118228912e+00
4.178826361894607544e+00
3.126928135752677917e+00
4.615843147039413452e+00
2.983994483947753906e+00
4.590373039245605469e+00
3.079963847994804382e+00
3.665974587202072144e+00
3.574560955166816711e+00
3.385243266820907593e+00
3.485354334115982056e+00
4.014888405799865723e+00
3.344923034310340881e+00
4.063535779714584351e+00
3.352690786123275757e+00
3.557339608669281006e+00
4.319739937782287598e+00
2.918559759855270386e+00
3.857352584600448608e+00
4.413478970527648926e+00
3.346201628446578979e+00
3.056993559002876282e+00
3.700376823544502258e+00
3.140476718544960022e+00
3.301721587777137756e+00
3.579821884632110596e+00
3.734150901436805725e+00
2.929591387510299683e+00
3.360695168375968933e+00
4.379810392856597900e+00
3.181603178381919861e+00
3.188451379537582397e+00
3.477852493524551392e+00
3.412965089082717896e+00
3.172183707356452942e+00
3.101941198110580444e+00
2.977321334183216095e+00
3.687311783432960510e+00
3.927515149116516113e+00
3.279753401875495911e+00
3.801036328077316284e+00
3.337263092398643494e+00
3.252696022391319275e+00
3.507789596915245056e+00
3.854200690984725952e+00
3.624574914574623108e+00
3.775390088558197021e+00
3.809749782085418701e+00
2.942689247429370880e+00
3.528194352984428406e+00
3.338143005967140198e+00
4.938073903322219849e+00
3.133218660950660706e+00
4.425600022077560425e+00
3.342391103506088257e+00
4.141422361135482788e+00
3.999328911304473877e+00
2.891266942024230957e+00
3.196993991732597351e+00
3.412085026502609253e+00
4.445072859525680542e+00
4.174470305442810059e+00
3.084363192319869995e+00
3.411594331264495850e+00
3.447330296039581299e+00
2.978436127305030823e+00
4.733654707670211792e+00
3.424321562051773071e+00
3.003779351711273193e+00
4.655787646770477295e+00
3.437223583459854126e+00
4.672377109527587891e+00
3.676671460270881653e+00
3.507930934429168701e+00
3.725970163941383362e+00
4.532713890075683594e+00
4.423023313283920288e+00
2.910984680056571960e+00
3.983526527881622314e+00
2.567201321944594383e+00
4.838406592607498169e+00
3.746837675571441650e+00
3.141599372029304504e+00
3.209605813026428223e+00
3.201853483915328979e+00
2.976306825876235962e+00
3.693549335002899170e+00
3.630151450634002686e+00
3.763180524110794067e+00
4.724438190460205078e+00
4.957932531833648682e+00
3.023192510008811951e+00
3.842732012271881104e+00
4.366555660963058472e+00
3.269689828157424927e+00
4.506086856126785278e+00
4.192090481519699097e+00
3.929466456174850464e+00
3.340149298310279846e+00
3.947443813085556030e+00
4.572131335735321045e+00
2.779391258955001831e+00
2.875329703092575073e+00
3.367365300655364990e+00
3.651806116104125977e+00
2.608239445835351944e+00
3.759488016366958618e+00
3.471120670437812805e+00
3.559504076838493347e+00
4.012475162744522095e+00
3.434843346476554871e+00
4.456505775451660156e+00
3.589764237403869629e+00
3.324270620942115784e+00
3.797853440046310425e+00
3.574421182274818420e+00
4.821697622537612915e+00
3.879932016134262085e+00
3.904401957988739014e+00
4.466800540685653687e+00
4.020314067602157593e+00
3.363082259893417358e+00
4.318612515926361084e+00
4.628795832395553589e+00
3.325639367103576660e+00
3.233407735824584961e+00
2.985766120254993439e+00
3.044861331582069397e+00
3.928763270378112793e+00
4.558107703924179077e+00
3.752331882715225220e+00
4.433546215295791626e+00
3.609001487493515015e+00
4.821986109018325806e+00
2.996261082589626312e+00
2.712199240922927856e+00
3.206348940730094910e+00
2.710051089525222778e+00
4.269314408302307129e+00
3.789455890655517578e+00
3.068815767765045166e+00
3.016019500792026520e+00
3.738513439893722534e+00
4.095168113708496094e+00
4.144389331340789795e+00
3.715357407927513123e+00
2.966371290385723114e+00
3.168573826551437378e+00
4.758518338203430176e+00
3.186663016676902771e+00
3.719975203275680542e+00
3.260075151920318604e+00
4.305508136749267578e+00
3.120635189116001129e+00
2.979225479066371918e+00
3.711721226572990417e+00
3.250720575451850891e+00
3.699504807591438293e+00
4.319250732660293579e+00
3.626679331064224243e+00
4.954003989696502686e+00
3.647981658577919006e+00
4.071272313594818115e+00
4.337539076805114746e+00
3.217619508504867554e+00
3.640094920992851257e+00
3.683709949254989624e+00
4.276754409074783325e+00
3.527423962950706482e+00
3.914949744939804077e+00
3.506659418344497681e+00
3.390021100640296936e+00
3.843388408422470093e+00
4.658302813768386841e+00
3.349032998085021973e+00
3.493910431861877441e+00
2.605150733143091202e+00
3.527003973722457886e+00
2.771825361996889114e+00
3.131008148193359375e+00
3.371421694755554199e+00
2.762836571782827377e+00
3.540248423814773560e+00
3.177747055888175964e+00
3.552213460206985474e+00
3.616506904363632202e+00
3.451950624585151672e+00
4.023663848638534546e+00
3.442023321986198425e+00
3.181489408016204834e+00
2.913790419697761536e+00
3.981804102659225464e+00
3.063718304038047791e+00
4.657721519470214844e+00
4.206444472074508667e+00
3.161172196269035339e+00
3.260452821850776672e+00
4.521312415599822998e+00
3.501014783978462219e+00
3.360459879040718079e+00
3.508977219462394714e+00
3.190929889678955078e+00
2.768027465790510178e+00
3.623202443122863770e+00
3.050724901258945465e+00
2.993696182966232300e+00
3.171251192688941956e+00
3.521549105644226074e+00
4.206355959177017212e+00
3.937828093767166138e+00
4.015643000602722168e+00
3.871179372072219849e+00
3.457576110959053040e+00
2.586545813828706741e+00
3.464525640010833740e+00
3.332093879580497742e+00
3.753778487443923950e+00
2.794391848146915436e+00
4.042882174253463745e+00
3.084533177316188812e+00
3.410396948456764221e+00
3.398057296872138977e+00
3.859545439481735229e+00
4.393600523471832275e+00
4.024460315704345703e+00
3.677173405885696411e+00
3.407475724816322327e+00
3.244017809629440308e+00
3.454737067222595215e+00
2.777996491640806198e+00
3.490703403949737549e+00
3.421599194407463074e+00
4.243587255477905273e+00
3.331937789916992188e+00
3.012059926986694336e+00
2.876260615885257721e+00
3.156563565135002136e+00
3.398965895175933838e+00
3.475846573710441589e+00
3.318798765540122986e+00
4.732640683650970459e+00
4.831898659467697144e+00
3.434290140867233276e+00
2.996989525854587555e+00
3.221186622977256775e+00
4.564944505691528320e+00
3.142288923263549805e+00
2.837718799710273743e+00
3.979741483926773071e+00
3.417100459337234497e+00
3.729308098554611206e+00
2.825007028877735138e+00
2.920639738440513611e+00
2.992688603699207306e+00
2.966107353568077087e+00
3.573140278458595276e+00
3.693311363458633423e+00
2.686759550124406815e+00
2.877918183803558350e+00
3.067381866276264191e+00
4.196524322032928467e+00
3.754783570766448975e+00
3.312066122889518738e+00
2.828371115028858185e+00
3.178971856832504272e+00
3.236123695969581604e+00
3.726996108889579773e+00
3.715915977954864502e+00
3.447833731770515442e+00
4.115674644708633423e+00
4.336524605751037598e+00
3.267771005630493164e+00
3.816060572862625122e+00
3.176972866058349609e+00
3.360730484127998352e+00
3.757080733776092529e+00
3.485112115740776062e+00
3.990401327610015869e+00
2.503027107159141451e+00
4.331794679164886475e+00
3.785326778888702393e+00
3.868447691202163696e+00
2.922273688018321991e+00
3.568166717886924744e+00
3.544079586863517761e+00
3.771766424179077148e+00
2.974451482295989990e+00
3.711824938654899597e+00
3.277240023016929626e+00
4.744181931018829346e+00
3.649087697267532349e+00
3.650804460048675537e+00
3.665201663970947266e+00
3.509548455476760864e+00
3.329736441373825073e+00
3.729620277881622314e+00
4.172413200139999390e+00
3.808554857969284058e+00
3.843783438205718994e+00
4.153293073177337646e+00
3.944461494684219360e+00
4.121951609849929810e+00
3.482742086052894592e+00
2.722327616065740585e+00
4.278395026922225952e+00
4.175581336021423340e+00
3.334931582212448120e+00
4.189670830965042114e+00
3.656372278928756714e+00
3.242671191692352295e+00
3.565229028463363647e+00
3.359941914677619934e+00
3.885035514831542969e+00
3.121429421007633209e+00
4.055581390857696533e+00
2.962598912417888641e+00
3.239684477448463440e+00
2.695905417203903198e+00
3.488021045923233032e+00
3.704438209533691406e+00
4.502073973417282104e+00
3.283653631806373596e+00
2.924091517925262451e+00
3.313419669866561890e+00
2.739266920834779739e+00
3.680795580148696899e+00
3.659813702106475830e+00
3.418761268258094788e+00
4.417890012264251709e+00
4.019328653812408447e+00
3.832160085439682007e+00
2.723731547594070435e+00
3.328016772866249084e+00
3.933202922344207764e+00
4.642838835716247559e+00
4.165874272584915161e+00
2.865665294229984283e+00
2.966555804014205933e+00
3.788417130708694458e+00
3.562745675444602966e+00
4.216011017560958862e+00
3.989756405353546143e+00
3.563104122877120972e+00
4.040083140134811401e+00
3.243678659200668335e+00
3.888011425733566284e+00
3.540248423814773560e+00
4.834080785512924194e+00
3.693693056702613831e+00
2.858161292970180511e+00
2.833792716264724731e+00
3.167232125997543335e+00
3.059213832020759583e+00
3.303876742720603943e+00
3.573277071118354797e+00
3.364739418029785156e+00
4.643027782440185547e+00
4.185289740562438965e+00
3.441436216235160828e+00
3.410393148660659790e+00
3.381504490971565247e+00
4.055321961641311646e+00
3.135067299008369446e+00
3.102013245224952698e+00
3.136923909187316895e+00
3.804599046707153320e+00
2.895890176296234131e+00
4.578413814306259155e+00
3.541564121842384338e+00
3.278316855430603027e+00
3.375212475657463074e+00
3.320089206099510193e+00
3.096738345921039581e+00
4.342131316661834717e+00
3.077360615134239197e+00
3.251747339963912964e+00
2.885717414319515228e+00
4.026758670806884766e+00
3.898116797208786011e+00
3.218251019716262817e+00
4.555660337209701538e+00
3.867575079202651978e+00
3.066931851208209991e+00
3.513579592108726501e+00
3.040215559303760529e+00
2.546630781143903732e+00
3.145500570535659790e+00
4.078580886125564575e+00
4.272820353507995605e+00
4.266158193349838257e+00
3.913080096244812012e+00
3.518609851598739624e+00
3.685384690761566162e+00
2.891938053071498871e+00
4.329320490360260010e+00
4.576696157455444336e+00
3.840344250202178955e+00
2.827940210700035095e+00
3.005135357379913330e+00
3.665612116456031799e+00
4.183313399553298950e+00
3.901241123676300049e+00
2.913559079170227051e+00
3.223510235548019409e+00
3.282165378332138062e+00
3.543080240488052368e+00
4.118628203868865967e+00
3.481409922242164612e+00
3.448755964636802673e+00
4.461985230445861816e+00
4.036982357501983643e+00
2.459241785109043121e+00
2.942428812384605408e+00
3.188054338097572327e+00
3.025424517691135406e+00
3.119514957070350647e+00
3.300144001841545105e+00
3.787521421909332275e+00
3.405960872769355774e+00
4.024073183536529541e+00
4.040222465991973877e+00
3.467995151877403259e+00
3.151406198740005493e+00
4.719702154397964478e+00
3.116697892546653748e+00
4.450284838676452637e+00
4.146109372377395630e+00
3.595967665314674377e+00
4.032914340496063232e+00
4.672575592994689941e+00
4.785768836736679077e+00
4.193955510854721069e+00
3.852401375770568848e+00
3.033821322023868561e+00
4.832052290439605713e+00
3.179689943790435791e+00
4.290470778942108154e+00
3.472622856497764587e+00
2.620498202741146088e+00
3.413912057876586914e+00
4.014950990676879883e+00
3.240511342883110046e+00
3.562009036540985107e+00
4.094083160161972046e+00
3.223516568541526794e+00
3.208295926451683044e+00
3.521905690431594849e+00
4.301186800003051758e+00
3.218192458152770996e+00
3.850217014551162720e+00
4.802169501781463623e+00
3.620517924427986145e+00
3.152737468481063843e+00
4.002037197351455688e+00
3.661463186144828796e+00
2.999116815626621246e+00
3.513856008648872375e+00
4.363557845354080200e+00
3.707755804061889648e+00
3.192746788263320923e+00
4.026305228471755981e+00
3.526574522256851196e+00
4.367149770259857178e+00
3.556024506688117981e+00
3.283884674310684204e+00
3.120609708130359650e+00
4.097761362791061401e+00
3.171762377023696899e+00
3.115544505417346954e+00
3.734871670603752136e+00
3.528480529785156250e+00
4.436436593532562256e+00
4.058529138565063477e+00
3.332769796252250671e+00
3.280301317572593689e+00
3.032986782491207123e+00
3.839580267667770386e+00
4.543174356222152710e+00
4.837598651647567749e+00
4.369013607501983643e+00
3.134868964552879333e+00
3.028229363262653351e+00
4.473140984773635864e+00
3.958815187215805054e+00
3.131195828318595886e+00
3.458368331193923950e+00
2.781967855989933014e+00
2.968432120978832245e+00
3.352076783776283264e+00
3.939081430435180664e+00
3.527911454439163208e+00
3.361326754093170166e+00
4.538639634847640991e+00
4.616012573242187500e+00
4.318814128637313843e+00
3.352670446038246155e+00
3.103583678603172302e+00
3.390466868877410889e+00
2.947531193494796753e+00
3.498802036046981812e+00
3.558280020952224731e+00
4.609062522649765015e+00
3.564328104257583618e+00
3.034795150160789490e+00
3.547483012080192566e+00
3.222253918647766113e+00
2.772117815911769867e+00
3.958473652601242065e+00
4.319252818822860718e+00
3.667724430561065674e+00
3.603516295552253723e+00
3.524163141846656799e+00
3.284597992897033691e+00
3.700914159417152405e+00
2.975997850298881531e+00
3.425660878419876099e+00
3.132494464516639709e+00
3.390543684363365173e+00
3.195093795657157898e+00
3.142094239592552185e+00
4.106682687997817993e+00
3.640675246715545654e+00
3.943219631910324097e+00
4.066304713487625122e+00
3.131554648280143738e+00
3.090381808578968048e+00
3.216815441846847534e+00
3.085584156215190887e+00
2.894226349890232086e+00
2.796056307852268219e+00
3.804138302803039551e+00
3.556759208440780640e+00
4.150724560022354126e+00
4.732620567083358765e+00
4.213771075010299683e+00
3.775457292795181274e+00
3.542321845889091492e+00
3.468963727355003357e+00
2.679961323738098145e+00
3.584430590271949768e+00
3.211826607584953308e+00
3.089272677898406982e+00
3.630853667855262756e+00
3.495119214057922363e+00
2.941101826727390289e+00
4.127975255250930786e+00
3.181326240301132202e+00
3.470119014382362366e+00
2.977320812642574310e+00
4.086678326129913330e+00
3.823138326406478882e+00
3.871881663799285889e+00
3.471244797110557556e+00
4.153397679328918457e+00
4.335657209157943726e+00
4.039802551269531250e+00
3.854081481695175171e+00
3.993055224418640137e+00
3.369508087635040283e+00
4.055582135915756226e+00
3.923856467008590698e+00
3.473448976874351501e+00
3.388482332229614258e+00
3.132267668843269348e+00
2.993416674435138702e+00
2.850890681147575378e+00
4.074498564004898071e+00
3.176212683320045471e+00
3.560362979769706726e+00
3.908479958772659302e+00
4.098898917436599731e+00
2.727494090795516968e+00
3.589547127485275269e+00
4.777433127164840698e+00
3.653351217508316040e+00
3.380853533744812012e+00
3.275543972849845886e+00
2.979394532740116119e+00
3.415592014789581299e+00
4.049438089132308960e+00
3.459432125091552734e+00
4.164616018533706665e+00
3.534309491515159607e+00
3.181597366929054260e+00
3.432759940624237061e+00
3.604505434632301331e+00
3.599423989653587341e+00
4.253550022840499878e+00
3.252730518579483032e+00
3.547665551304817200e+00
3.826607912778854370e+00
3.596563935279846191e+00
4.440126717090606689e+00
3.299287408590316772e+00
2.969429306685924530e+00
4.032768607139587402e+00
3.519109636545181274e+00
3.449091538786888123e+00
3.714615032076835632e+00
3.510966002941131592e+00
4.360134005546569824e+00
3.455321714282035828e+00
3.100026324391365051e+00
3.711592033505439758e+00
4.146872758865356445e+00
3.570354133844375610e+00
2.402469376102089882e+00
2.752090524882078171e+00
3.106471858918666840e+00
3.553490787744522095e+00
3.134333863854408264e+00
4.284086376428604126e+00
3.513572514057159424e+00
3.793327212333679199e+00
4.946117252111434937e+00
4.304686486721038818e+00
4.947498142719268799e+00
4.370390176773071289e+00
4.744134098291397095e+00
4.948752969503402710e+00
4.146598726511001587e+00
3.407777249813079834e+00
2.408287404105067253e+00
4.569074213504791260e+00
3.640459850430488586e+00
4.533489197492599487e+00
4.677259922027587891e+00
3.129218071699142456e+00
3.582487106323242188e+00
3.990326523780822754e+00
3.529403731226921082e+00
3.549124598503112793e+00
3.511755988001823425e+00
3.428614363074302673e+00
3.890708386898040771e+00
4.623245745897293091e+00
4.140618443489074707e+00
4.017661064863204956e+00
3.980205059051513672e+00
4.027601629495620728e+00
3.476585149765014648e+00
3.462333604693412781e+00
4.401417076587677002e+00
4.504871815443038940e+00
3.866006731986999512e+00
3.108817376196384430e+00
3.613095879554748535e+00
3.300431892275810242e+00
3.707236200571060181e+00
3.355147466063499451e+00
3.381774425506591797e+00
3.194908499717712402e+00
3.478416353464126587e+00
2.925117500126361847e+00
4.085278213024139404e+00
3.921763598918914795e+00
3.586997017264366150e+00
4.496902227401733398e+00
3.170934990048408508e+00
3.347262144088745117e+00
3.884645104408264160e+00
3.755187839269638062e+00
2.787147108465433121e+00
2.797199003398418427e+00
4.023083001375198364e+00
3.836385607719421387e+00
3.378145471215248108e+00
4.485552161931991577e+00
3.658793121576309204e+00
4.017404913902282715e+00
4.051844030618667603e+00
3.389839231967926025e+00
4.856883585453033447e+00
3.797851353883743286e+00
4.288992732763290405e+00
3.939210176467895508e+00
4.555976241827011108e+00
4.134872704744338989e+00
3.065442219376564026e+00
2.826550677418708801e+00
2.954870760440826416e+00
3.360849022865295410e+00
3.208442628383636475e+00
4.022527337074279785e+00
3.315478414297103882e+00
4.257495552301406860e+00
3.165312334895133972e+00
3.215582892298698425e+00
4.050440788269042969e+00
3.417137414216995239e+00
2.822865433990955353e+00
3.487123623490333557e+00
3.364630267024040222e+00
3.441763520240783691e+00
3.463909476995468140e+00
3.561744540929794312e+00
3.304533138871192932e+00
3.015527315437793732e+00
3.537627458572387695e+00
3.641230612993240356e+00
3.652710244059562683e+00
4.419894367456436157e+00
2.983205020427703857e+00
2.828340083360671997e+00
3.209585845470428467e+00
3.457133695483207703e+00
4.637422561645507812e+00
4.228150546550750732e+00
2.748683206737041473e+00
4.440107643604278564e+00
4.816346764564514160e+00
3.399557694792747498e+00
3.209746181964874268e+00
3.338424488902091980e+00
4.472008794546127319e+00
3.457477241754531860e+00
2.872936874628067017e+00
3.399905189871788025e+00
3.618592023849487305e+00
2.929993048310279846e+00
2.956374734640121460e+00
3.041168637573719025e+00
3.372724056243896484e+00
4.536505937576293945e+00
3.155800104141235352e+00
3.610897809267044067e+00
3.910573422908782959e+00
3.459607139229774475e+00
3.575239926576614380e+00
3.720610365271568298e+00
3.648888394236564636e+00
3.745164871215820312e+00
3.632013052701950073e+00
2.810549419373273849e+00
2.931986376643180847e+00
3.079102151095867157e+00
4.146960675716400146e+00
3.523524552583694458e+00
3.732231631875038147e+00
3.702334389090538025e+00
3.375529497861862183e+00
2.949057966470718384e+00
4.409069567918777466e+00
3.704451620578765869e+00
3.694609105587005615e+00
3.613323792815208435e+00
3.790020942687988281e+00
4.748224020004272461e+00
3.092767596244812012e+00
3.326766118407249451e+00
3.088438957929611206e+00
4.398085474967956543e+00
4.267180562019348145e+00
3.526826128363609314e+00
2.890125773847103119e+00
4.662545472383499146e+00
3.521750196814537048e+00
3.487567082047462463e+00
3.761233985424041748e+00
3.373465240001678467e+00
3.054420538246631622e+00
3.694878518581390381e+00
3.497323170304298401e+00
3.469529077410697937e+00
3.147691562771797180e+00
3.789954632520675659e+00
3.547219410538673401e+00
3.402187898755073547e+00
3.282638266682624817e+00
3.138401657342910767e+00
3.139445856213569641e+00
3.856511563062667847e+00
4.723729193210601807e+00
3.344236984848976135e+00
3.345518857240676880e+00
3.432954922318458557e+00
3.578127399086952209e+00
3.851754963397979736e+00
3.994498848915100098e+00
3.499948605895042419e+00
3.715277910232543945e+00
3.291710466146469116e+00
4.568348675966262817e+00
3.974033594131469727e+00
3.052295856177806854e+00
4.702233225107192993e+00
3.518542274832725525e+00
3.506612777709960938e+00
3.708271905779838562e+00
2.985300384461879730e+00
2.885837778449058533e+00
3.723245710134506226e+00
3.550091534852981567e+00
3.640491813421249390e+00
3.107683248817920685e+00
4.542506337165832520e+00
3.586813062429428101e+00
3.545927554368972778e+00
3.460450917482376099e+00
