3.513213694095611572e+00
3.674684911966323853e+00
3.861133456230163574e+00
3.914818614721298218e+00
4.751429855823516846e+00
3.442568331956863403e+00
4.594696164131164551e+00
3.952502012252807617e+00
4.801354110240936279e+00
4.195238053798675537e+00
4.012117385864257812e+00
4.329484850168228149e+00
3.865917772054672241e+00
3.453982844948768616e+00
3.751692026853561401e+00
3.247691988945007324e+00
3.643922284245491028e+00
4.302464872598648071e+00
3.694201931357383728e+00
3.802634477615356445e+00
4.040402770042419434e+00
3.694040179252624512e+00
3.493790924549102783e+00
4.637836068868637085e+00
4.598705619573593140e+00
4.026344269514083862e+00
3.684451878070831299e+00
4.242095500230789185e+00
3.563268035650253296e+00
3.306093141436576843e+00
4.302494674921035767e+00
4.310737252235412598e+00
4.642394930124282837e+00
3.666539490222930908e+00
4.159452617168426514e+00
4.245882332324981689e+00
4.251056313514709473e+00
3.182128965854644775e+00
4.376058578491210938e+00
4.031131267547607422e+00
4.122454077005386353e+00
3.479105308651924133e+00
2.982722222805023193e+00
3.701356127858161926e+00
3.378381580114364624e+00
2.929917350411415100e+00
3.194166198372840881e+00
4.074787646532058716e+00
4.349814355373382568e+00
3.619396984577178955e+00
3.810013830661773682e+00
3.343771472573280334e+00
3.203305676579475403e+00
4.243647009134292603e+00
4.004366695880889893e+00
4.668220430612564087e+00
4.207181483507156372e+00
4.255135506391525269e+00
3.785537779331207275e+00
3.566591665148735046e+00
3.049590066075325012e+00
4.497709572315216064e+00
3.050143457949161530e+00
4.428797364234924316e+00
3.985803872346878052e+00
3.253031820058822632e+00
3.113618940114974976e+00
3.583743274211883545e+00
3.978262245655059814e+00
3.873546570539474487e+00
3.917976915836334229e+00
3.164997920393943787e+00
3.222846314311027527e+00
3.448765352368354797e+00
2.989790402352809906e+00
3.684977293014526367e+00
3.500227853655815125e+00
4.265533536672592163e+00
3.568150848150253296e+00
4.223703145980834961e+00
4.399832934141159058e+00
3.766823559999465942e+00
3.219813704490661621e+00
4.702730476856231689e+00
4.207713454961776733e+00
3.789843320846557617e+00
3.735410273075103760e+00
4.580538421869277954e+00
4.511995613574981689e+00
4.181810617446899414e+00
3.380253016948699951e+00
3.707315698266029358e+00
3.801882416009902954e+00
4.156066328287124634e+00
3.153939843177795410e+00
4.831878840923309326e+00
3.390653431415557861e+00
4.516913294792175293e+00
3.298116028308868408e+00
3.593633100390434265e+00
4.417972564697265625e+00
4.647445380687713623e+00
3.941878825426101685e+00
4.692676514387130737e+00
3.274708017706871033e+00
3.794465214014053345e+00
4.495690464973449707e+00
4.494310766458511353e+00
3.547246828675270081e+00
3.558520600199699402e+00
4.121520668268203735e+00
4.341257214546203613e+00
3.059348613023757935e+00
2.803807351738214493e+00
3.038292527198791504e+00
3.602087721228599548e+00
3.753152042627334595e+00
3.530909344553947449e+00
4.021254330873489380e+00
4.792189896106719971e+00
4.204930067062377930e+00
3.603511974215507507e+00
3.448843955993652344e+00
4.211767762899398804e+00
3.080682754516601562e+00
3.705722913146018982e+00
4.154912233352661133e+00
4.184034913778305054e+00
4.495988637208938599e+00
3.360588029026985168e+00
3.010094463825225830e+00
3.555815070867538452e+00
4.203952848911285400e+00
3.562817499041557312e+00
4.455115944147109985e+00
3.913474977016448975e+00
4.836365729570388794e+00
3.405707776546478271e+00
2.937018573284149170e+00
4.186470061540603638e+00
3.565701767802238464e+00
4.233350455760955811e+00
3.320945873856544495e+00
4.784069657325744629e+00
3.930270969867706299e+00
4.269671142101287842e+00
3.203373700380325317e+00
2.933282256126403809e+00
4.660115092992782593e+00
4.283999353647232056e+00
4.832096546888351440e+00
3.589029982686042786e+00
4.593489468097686768e+00
3.900483846664428711e+00
4.031407088041305542e+00
2.743427660316228867e+00
3.239561021327972412e+00
3.769402056932449341e+00
3.969841003417968750e+00
3.825432807207107544e+00
4.372300803661346436e+00
3.969625681638717651e+00
4.598316252231597900e+00
4.901206195354461670e+00
4.924696087837219238e+00
3.254992067813873291e+00
4.041656404733657837e+00
3.624607250094413757e+00
3.632183074951171875e+00
4.118197560310363770e+00
3.663170859217643738e+00
4.429934918880462646e+00
4.285435825586318970e+00
3.979618549346923828e+00
4.101859629154205322e+00
4.563290476799011230e+00
4.060661345720291138e+00
3.811981528997421265e+00
4.425425678491592407e+00
4.400236159563064575e+00
4.049571305513381958e+00
4.367837160825729370e+00
3.456810712814331055e+00
4.439843147993087769e+00
4.277462959289550781e+00
3.190901577472686768e+00
4.234570115804672241e+00
3.515118807554244995e+00
4.016289710998535156e+00
4.392820298671722412e+00
3.525610417127609253e+00
3.091273494064807892e+00
4.472005069255828857e+00
3.130218535661697388e+00
3.027573488652706146e+00
3.561857119202613831e+00
4.402557760477066040e+00
4.307933747768402100e+00
2.929354198276996613e+00
4.238375723361968994e+00
4.518775343894958496e+00
3.594596087932586670e+00
3.993150889873504639e+00
4.299777299165725708e+00
3.934967070817947388e+00
3.970599323511123657e+00
4.946953058242797852e+00
2.853647805750370026e+00
4.296011924743652344e+00
4.570349752902984619e+00
4.174349009990692139e+00
4.109311997890472412e+00
3.894776403903961182e+00
3.082377463579177856e+00
3.640986979007720947e+00
4.289738833904266357e+00
3.142365142703056335e+00
4.624132513999938965e+00
3.740878477692604065e+00
3.693917989730834961e+00
4.084617942571640015e+00
4.794398248195648193e+00
3.808178603649139404e+00
3.475755080580711365e+00
3.932050019502639771e+00
4.068655222654342651e+00
3.525921702384948730e+00
3.024595752358436584e+00
4.145738333463668823e+00
3.765996843576431274e+00
3.978575021028518677e+00
2.978856489062309265e+00
3.610635474324226379e+00
3.382538035511970520e+00
3.663329854607582092e+00
3.943982124328613281e+00
3.686729371547698975e+00
3.141814619302749634e+00
3.411614745855331421e+00
3.439062461256980896e+00
3.578115701675415039e+00
4.248798638582229614e+00
3.458376377820968628e+00
3.715184852480888367e+00
3.411326110363006592e+00
3.644020259380340576e+00
3.937943577766418457e+00
4.693006128072738647e+00
4.154676347970962524e+00
3.990146815776824951e+00
2.720725201070308685e+00
4.197131544351577759e+00
3.932615518569946289e+00
4.501123726367950439e+00
3.659730851650238037e+00
4.373151361942291260e+00
3.157377913594245911e+00
4.293575137853622437e+00
4.309986829757690430e+00
3.981232345104217529e+00
4.009919762611389160e+00
4.406120777130126953e+00
3.235750570893287659e+00
3.440056592226028442e+00
3.912981748580932617e+00
3.910017013549804688e+00
3.265397399663925171e+00
4.043852835893630981e+00
3.570758327841758728e+00
3.845628798007965088e+00
2.889311164617538452e+00
3.490053564310073853e+00
4.711399972438812256e+00
4.041656553745269775e+00
3.443708419799804688e+00
3.649607375264167786e+00
3.998256176710128784e+00
3.926644921302795410e+00
3.827102333307266235e+00
4.894878268241882324e+00
4.157872051000595093e+00
3.539224117994308472e+00
3.536883741617202759e+00
3.191620260477066040e+00
3.463346883654594421e+00
3.003768995404243469e+00
2.853470630943775177e+00
3.917170763015747070e+00
3.557141795754432678e+00
3.397736698389053345e+00
4.245259463787078857e+00
4.107514917850494385e+00
4.734484106302261353e+00
4.320163279771804810e+00
3.534231930971145630e+00
3.267221823334693909e+00
3.669439181685447693e+00
4.204129874706268311e+00
3.271443396806716919e+00
4.243434518575668335e+00
4.420581609010696411e+00
3.682526946067810059e+00
4.479387849569320679e+00
4.095139056444168091e+00
4.122160673141479492e+00
2.858553491532802582e+00
2.940020039677619934e+00
3.376982361078262329e+00
4.537573009729385376e+00
4.400579035282135010e+00
4.450622200965881348e+00
3.898257613182067871e+00
4.804284572601318359e+00
3.225956857204437256e+00
2.846271656453609467e+00
3.217344135046005249e+00
4.466953426599502563e+00
3.854188024997711182e+00
3.203110173344612122e+00
4.071771353483200073e+00
3.815868496894836426e+00
3.701061904430389404e+00
3.549970164895057678e+00
4.424259811639785767e+00
3.159674778580665588e+00
4.306984543800354004e+00
4.726896882057189941e+00
4.191554635763168335e+00
3.335670456290245056e+00
4.381652772426605225e+00
3.976347595453262329e+00
4.003688097000122070e+00
3.548592254519462585e+00
4.791448861360549927e+00
4.483626186847686768e+00
4.451007097959518433e+00
3.603107556700706482e+00
3.362997621297836304e+00
3.702575191855430603e+00
4.056163579225540161e+00
4.155470579862594604e+00
3.446234464645385742e+00
3.989408016204833984e+00
3.033358603715896606e+00
3.356427475810050964e+00
4.551460444927215576e+00
3.814774006605148315e+00
3.764735013246536255e+00
4.535596221685409546e+00
4.777907133102416992e+00
3.544442951679229736e+00
4.389070123434066772e+00
4.204244911670684814e+00
4.045288860797882080e+00
3.497811332345008850e+00
4.219727665185928345e+00
3.509939834475517273e+00
4.098297506570816040e+00
3.150083571672439575e+00
4.226346313953399658e+00
3.749534636735916138e+00
3.372066617012023926e+00
3.506588190793991089e+00
3.212189227342605591e+00
2.711043935269117355e+00
3.381651788949966431e+00
3.355954661965370178e+00
3.227905035018920898e+00
4.500042498111724854e+00
3.798319548368453979e+00
4.113308638334274292e+00
4.688014984130859375e+00
4.294155240058898926e+00
3.357504010200500488e+00
3.239952847361564636e+00
4.086089134216308594e+00
4.190938174724578857e+00
3.961282074451446533e+00
4.054385572671890259e+00
3.584861308336257935e+00
4.729583710432052612e+00
4.206076264381408691e+00
4.240068197250366211e+00
3.209199011325836182e+00
3.610374778509140015e+00
3.865066021680831909e+00
4.517079591751098633e+00
3.293093815445899963e+00
3.084204941987991333e+00
3.434302732348442078e+00
4.143636077642440796e+00
4.151536375284194946e+00
4.577665030956268311e+00
3.557715415954589844e+00
3.932959586381912231e+00
3.626412004232406616e+00
4.448687136173248291e+00
3.341667056083679199e+00
3.072971403598785400e+00
4.747989177703857422e+00
3.501576930284500122e+00
3.908261060714721680e+00
4.471927732229232788e+00
4.389584958553314209e+00
4.228066802024841309e+00
4.178979992866516113e+00
3.079245686531066895e+00
4.550860524177551270e+00
4.381699264049530029e+00
4.016524851322174072e+00
4.147621095180511475e+00
3.352973163127899170e+00
3.378998786211013794e+00
3.805850148200988770e+00
4.611577093601226807e+00
3.453092873096466064e+00
3.823812007904052734e+00
3.475423604249954224e+00
4.481231570243835449e+00
4.353275001049041748e+00
3.837134838104248047e+00
3.767119646072387695e+00
3.839790672063827515e+00
4.433517605066299438e+00
3.876975476741790771e+00
4.066598117351531982e+00
3.127864673733711243e+00
4.491302818059921265e+00
4.597440659999847412e+00
3.293938934803009033e+00
3.932368606328964233e+00
4.225428104400634766e+00
4.254119843244552612e+00
3.631235063076019287e+00
4.209104329347610474e+00
3.509310707449913025e+00
4.144838899374008179e+00
3.611651360988616943e+00
3.378438800573348999e+00
3.333929702639579773e+00
3.022908866405487061e+00
4.888548105955123901e+00
4.481214284896850586e+00
4.772070646286010742e+00
4.849287271499633789e+00
4.418456703424453735e+00
2.762031555175781250e+00
3.543655499815940857e+00
4.296055436134338379e+00
3.739038854837417603e+00
3.510860651731491089e+00
4.656349867582321167e+00
4.469413608312606812e+00
3.350937739014625549e+00
3.995451331138610840e+00
3.436767160892486572e+00
3.036900162696838379e+00
3.128565698862075806e+00
3.082391545176506042e+00
4.481153637170791626e+00
3.212196305394172668e+00
3.319550454616546631e+00
3.018250539898872375e+00
3.286981955170631409e+00
4.028456509113311768e+00
4.327679276466369629e+00
3.937946856021881104e+00
4.293202161788940430e+00
3.347532302141189575e+00
4.049212932586669922e+00
3.131828308105468750e+00
4.891652166843414307e+00
4.575343728065490723e+00
4.114534556865692139e+00
3.235848695039749146e+00
4.318228214979171753e+00
4.112783074378967285e+00
3.816007971763610840e+00
3.582147136330604553e+00
4.075824022293090820e+00
3.393393382430076599e+00
4.455307424068450928e+00
4.384994804859161377e+00
3.848257809877395630e+00
3.882232010364532471e+00
4.790972173213958740e+00
4.202101230621337891e+00
4.224031567573547363e+00
3.962583690881729126e+00
3.819193243980407715e+00
4.218873679637908936e+00
4.410480856895446777e+00
3.935508728027343750e+00
4.308879971504211426e+00
3.408544510602951050e+00
3.913673311471939087e+00
2.939871773123741150e+00
4.642027616500854492e+00
3.271529898047447205e+00
3.883290439844131470e+00
3.095328360795974731e+00
4.256191253662109375e+00
4.968456476926803589e+00
3.312792032957077026e+00
3.470462933182716370e+00
3.363734483718872070e+00
4.190212488174438477e+00
4.568569511175155640e+00
3.271786123514175415e+00
4.679023474454879761e+00
3.602825924754142761e+00
2.668934259563684464e+00
3.029606305062770844e+00
3.128609061241149902e+00
2.983758822083473206e+00
3.641375750303268433e+00
3.790867030620574951e+00
3.808734267950057983e+00
3.882608860731124878e+00
4.372570216655731201e+00
4.116020351648330688e+00
4.331438839435577393e+00
3.278206586837768555e+00
3.641616702079772949e+00
3.957169353961944580e+00
3.711783736944198608e+00
3.284160569310188293e+00
3.687725737690925598e+00
4.834588766098022461e+00
3.565360084176063538e+00
4.545885175466537476e+00
3.598500713706016541e+00
3.798318952322006226e+00
3.827592134475708008e+00
4.060090333223342896e+00
2.705403883010149002e+00
4.477190673351287842e+00
3.837001323699951172e+00
3.785913735628128052e+00
3.317048996686935425e+00
4.848649650812149048e+00
3.427778631448745728e+00
3.979412615299224854e+00
3.426426574587821960e+00
4.143449813127517700e+00
4.225810170173645020e+00
4.183768182992935181e+00
3.260434940457344055e+00
3.841705620288848877e+00
4.268736392259597778e+00
3.681308478116989136e+00
3.900945931673049927e+00
4.393565654754638672e+00
3.640442863106727600e+00
3.428598716855049133e+00
4.147540032863616943e+00
3.470801189541816711e+00
4.729513376951217651e+00
3.542152792215347290e+00
4.107603877782821655e+00
3.523360416293144226e+00
3.666148260235786438e+00
3.603539764881134033e+00
3.443434685468673706e+00
3.505650162696838379e+00
3.399231955409049988e+00
3.725669905543327332e+00
4.031783044338226318e+00
4.707172811031341553e+00
3.947976231575012207e+00
3.827122151851654053e+00
3.999650776386260986e+00
3.872167319059371948e+00
4.260076284408569336e+00
3.645293563604354858e+00
3.458221256732940674e+00
4.258109778165817261e+00
3.538561239838600159e+00
4.080156832933425903e+00
3.488633781671524048e+00
4.631859511137008667e+00
3.572545051574707031e+00
4.328602254390716553e+00
3.057769984006881714e+00
3.689411580562591553e+00
3.595859855413436890e+00
4.259829223155975342e+00
4.611991345882415771e+00
4.466317147016525269e+00
3.688878118991851807e+00
3.654310181736946106e+00
3.539024516940116882e+00
4.405661821365356445e+00
4.398763477802276611e+00
4.374126791954040527e+00
4.013602435588836670e+00
4.729666262865066528e+00
3.562905117869377136e+00
3.824854344129562378e+00
4.164782166481018066e+00
4.279207736253738403e+00
3.859610259532928467e+00
3.491758108139038086e+00
4.337583780288696289e+00
4.374297857284545898e+00
3.506645709276199341e+00
3.311769738793373108e+00
3.615945875644683838e+00
4.626505970954895020e+00
4.325508773326873779e+00
3.759402036666870117e+00
3.682078197598457336e+00
4.675925076007843018e+00
4.591684043407440186e+00
4.834088981151580811e+00
3.346093446016311646e+00
4.114308357238769531e+00
4.484862089157104492e+00
3.542211651802062988e+00
3.365549370646476746e+00
4.625639319419860840e+00
4.516382813453674316e+00
3.919548690319061279e+00
4.825404137372970581e+00
3.517849221825599670e+00
3.538404107093811035e+00
4.428574889898300171e+00
3.982204198837280273e+00
4.177060127258300781e+00
3.880320340394973755e+00
3.879399597644805908e+00
3.306755200028419495e+00
4.842699468135833740e+00
4.636623412370681763e+00
4.053138494491577148e+00
3.404887691140174866e+00
3.609630391001701355e+00
4.215434938669204712e+00
4.310016036033630371e+00
3.854692280292510986e+00
3.331744223833084106e+00
3.556306585669517517e+00
2.763078920543193817e+00
3.878545016050338745e+00
3.497102186083793640e+00
4.835696816444396973e+00
3.333524167537689209e+00
3.290432021021842957e+00
3.662637919187545776e+00
3.591043800115585327e+00
2.940058968961238861e+00
3.866795450448989868e+00
3.202740401029586792e+00
3.387351855635643005e+00
4.392116367816925049e+00
4.317958652973175049e+00
4.164731949567794800e+00
4.396344274282455444e+00
3.855557739734649658e+00
4.104736745357513428e+00
3.749458491802215576e+00
3.992670029401779175e+00
3.083475790917873383e+00
3.319463133811950684e+00
4.096544384956359863e+00
3.104764781892299652e+00
2.979988120496273041e+00
3.274763524532318115e+00
4.177287518978118896e+00
3.945267498493194580e+00
4.112729281187057495e+00
4.249441027641296387e+00
4.601272195577621460e+00
4.073822647333145142e+00
4.008150845766067505e+00
4.269258826971054077e+00
3.100867941975593567e+00
3.755707442760467529e+00
4.643370807170867920e+00
4.553407281637191772e+00
3.596016988158226013e+00
4.068694859743118286e+00
3.084051236510276794e+00
3.811060041189193726e+00
4.583652913570404053e+00
4.363908171653747559e+00
3.935626894235610962e+00
4.558780193328857422e+00
3.954724222421646118e+00
4.404727518558502197e+00
4.254718422889709473e+00
3.758343607187271118e+00
4.291701018810272217e+00
3.580218181014060974e+00
3.066255487501621246e+00
3.723884969949722290e+00
4.289510101079940796e+00
3.678565621376037598e+00
4.095281660556793213e+00
4.090926796197891235e+00
3.758035302162170410e+00
3.791419267654418945e+00
3.482491970062255859e+00
3.990984261035919189e+00
4.208855032920837402e+00
3.451882898807525635e+00
4.465597122907638550e+00
4.035282433032989502e+00
3.908113092184066772e+00
3.141183331608772278e+00
3.662311136722564697e+00
3.626493811607360840e+00
3.648615255951881409e+00
3.673337697982788086e+00
4.763810485601425171e+00
4.445061236619949341e+00
4.513977915048599243e+00
3.232622370123863220e+00
4.554107338190078735e+00
4.891652166843414307e+00
4.361999034881591797e+00
4.694152772426605225e+00
4.087853729724884033e+00
4.380699098110198975e+00
4.594302177429199219e+00
4.424225091934204102e+00
3.641184642910957336e+00
4.572691619396209717e+00
3.753655403852462769e+00
4.644493609666824341e+00
4.369201660156250000e+00
3.613894656300544739e+00
3.693825602531433105e+00
3.363701105117797852e+00
3.253412544727325439e+00
4.300913512706756592e+00
3.550071567296981812e+00
3.392848297953605652e+00
3.188169002532958984e+00
4.384445697069168091e+00
3.222355097532272339e+00
3.445497974753379822e+00
3.689908236265182495e+00
3.528285026550292969e+00
4.269465357065200806e+00
4.476550221443176270e+00
2.970652952790260315e+00
3.591826260089874268e+00
3.432677313685417175e+00
4.730762243270874023e+00
3.786252886056900024e+00
3.629476875066757202e+00
3.539875596761703491e+00
3.703082203865051270e+00
4.968456476926803589e+00
3.980443179607391357e+00
4.241478592157363892e+00
4.285435825586318970e+00
4.007499217987060547e+00
3.882040381431579590e+00
3.344646319746971130e+00
3.676641583442687988e+00
4.082058966159820557e+00
3.732503056526184082e+00
3.731408789753913879e+00
3.728319257497787476e+00
3.905594646930694580e+00
3.236204460263252258e+00
3.312357142567634583e+00
4.223984777927398682e+00
2.841389290988445282e+00
3.106600865721702576e+00
4.814759641885757446e+00
3.005306161940097809e+00
3.549589663743972778e+00
3.866067379713058472e+00
3.939180523157119751e+00
4.222748726606369019e+00
3.115869387984275818e+00
4.338176399469375610e+00
3.437401056289672852e+00
3.368364945054054260e+00
3.142618089914321899e+00
3.415318280458450317e+00
3.786735832691192627e+00
3.491511493921279907e+00
3.098497241735458374e+00
4.389605373144149780e+00
4.015025496482849121e+00
4.652072787284851074e+00
4.576513618230819702e+00
3.875718861818313599e+00
4.452075660228729248e+00
3.427231237292289734e+00
2.894561998546123505e+00
4.019074440002441406e+00
3.391897529363632202e+00
3.158921524882316589e+00
3.383221104741096497e+00
3.606831505894660950e+00
4.125935882329940796e+00
4.062568694353103638e+00
4.308596998453140259e+00
3.897414207458496094e+00
4.167082756757736206e+00
4.531906843185424805e+00
3.888963460922241211e+00
3.616805151104927063e+00
3.890200853347778320e+00
3.445791304111480713e+00
4.319838583469390869e+00
4.357468187808990479e+00
2.906814143061637878e+00
4.348544180393218994e+00
4.252708554267883301e+00
4.345669150352478027e+00
3.416149020195007324e+00
3.631596788763999939e+00
2.903300970792770386e+00
3.454069122672080994e+00
3.496189862489700317e+00
3.100861422717571259e+00
3.450950682163238525e+00
4.068932533264160156e+00
2.888624295592308044e+00
4.608749449253082275e+00
3.853722810745239258e+00
4.226975142955780029e+00
3.311045840382575989e+00
3.917196989059448242e+00
2.724288757890462875e+00
3.344371393322944641e+00
4.648707658052444458e+00
3.345013111829757690e+00
3.571791425347328186e+00
3.851384520530700684e+00
4.312945008277893066e+00
4.547865241765975952e+00
4.470090866088867188e+00
3.493571355938911438e+00
4.607835412025451660e+00
4.349359273910522461e+00
2.951100915670394897e+00
4.750498533248901367e+00
3.686113506555557251e+00
3.945999741554260254e+00
3.805916160345077515e+00
2.937338501214981079e+00
3.759046941995620728e+00
4.864424169063568115e+00
3.579813390970230103e+00
2.811931222677230835e+00
4.511853158473968506e+00
4.337952733039855957e+00
3.413610681891441345e+00
4.033565670251846313e+00
3.467697501182556152e+00
3.512016385793685913e+00
3.500546365976333618e+00
3.606500774621963501e+00
3.919250071048736572e+00
4.394722878932952881e+00
4.736999571323394775e+00
3.806363791227340698e+00
3.067838884890079498e+00
3.798792958259582520e+00
4.242485314607620239e+00
3.061429783701896667e+00
4.123321473598480225e+00
3.315530121326446533e+00
3.841525167226791382e+00
3.096963278949260712e+00
4.730693101882934570e+00
3.087284043431282043e+00
3.454795405268669128e+00
3.118226975202560425e+00
3.944111019372940063e+00
4.617665559053421021e+00
4.835269749164581299e+00
4.454206824302673340e+00
4.625426828861236572e+00
3.074663579463958740e+00
3.768968284130096436e+00
4.834612905979156494e+00
4.422780275344848633e+00
3.939152061939239502e+00
3.502676188945770264e+00
4.894056320190429688e+00
4.420155882835388184e+00
3.569238632917404175e+00
3.199505060911178589e+00
2.959367260336875916e+00
2.908426262438297272e+00
2.873744480311870575e+00
4.510465860366821289e+00
3.539854735136032104e+00
2.944049611687660217e+00
4.047620296478271484e+00
4.495848864316940308e+00
4.184175431728363037e+00
3.464325293898582458e+00
3.175230100750923157e+00
3.473215624690055847e+00
4.740675389766693115e+00
3.531266897916793823e+00
3.500347137451171875e+00
4.853947162628173828e+00
3.730634972453117371e+00
4.762684851884841919e+00
4.155160933732986450e+00
4.375600218772888184e+00
4.037840217351913452e+00
4.050756692886352539e+00
4.237392544746398926e+00
3.702670931816101074e+00
3.347649350762367249e+00
2.908128201961517334e+00
4.227372556924819946e+00
3.536235094070434570e+00
3.019161149859428406e+00
3.339537158608436584e+00
4.063207507133483887e+00
3.434671759605407715e+00
3.457872942090034485e+00
3.531158566474914551e+00
4.694714546203613281e+00
4.375439733266830444e+00
3.526406437158584595e+00
3.625502809882164001e+00
4.594467878341674805e+00
3.960745483636856079e+00
4.707172811031341553e+00
3.601707592606544495e+00
3.939405232667922974e+00
3.446988239884376526e+00
4.448339641094207764e+00
4.322142302989959717e+00
3.897409141063690186e+00
4.370693266391754150e+00
3.327103853225708008e+00
3.963474929332733154e+00
3.898564428091049194e+00
3.161300048232078552e+00
3.414316475391387939e+00
3.433784320950508118e+00
3.645701780915260315e+00
3.530252426862716675e+00
3.641184642910957336e+00
3.483872041106224060e+00
3.701224178075790405e+00
4.112283438444137573e+00
4.624806344509124756e+00
3.379136025905609131e+00
3.824585825204849243e+00
3.917972892522811890e+00
4.508460164070129395e+00
4.076696932315826416e+00
3.637577816843986511e+00
4.091145247220993042e+00
3.585382029414176941e+00
4.025361388921737671e+00
3.300027027726173401e+00
3.023799657821655273e+00
3.392762839794158936e+00
3.546787351369857788e+00
4.628112316131591797e+00
3.514465540647506714e+00
4.148391634225845337e+00
3.242557570338249207e+00
3.376751765608787537e+00
4.748933017253875732e+00
4.605952203273773193e+00
4.022520482540130615e+00
4.482394605875015259e+00
3.267431706190109253e+00
3.528962805867195129e+00
4.056706428527832031e+00
3.393670320510864258e+00
3.837389647960662842e+00
3.991677314043045044e+00
3.293954655528068542e+00
4.310063868761062622e+00
3.815880417823791504e+00
3.316608145833015442e+00
3.990375250577926636e+00
3.850875496864318848e+00
3.316774740815162659e+00
3.685889989137649536e+00
4.222953766584396362e+00
4.224594086408615112e+00
3.793825060129165649e+00
3.399646505713462830e+00
4.740991443395614624e+00
2.864125482738018036e+00
3.914911895990371704e+00
3.533148765563964844e+00
4.397505670785903931e+00
4.010572433471679688e+00
3.458889201283454895e+00
4.490320682525634766e+00
3.614158332347869873e+00
3.134568631649017334e+00
4.476880282163619995e+00
3.430821597576141357e+00
4.458497166633605957e+00
2.724512368440628052e+00
4.248151034116744995e+00
3.292286694049835205e+00
3.600033000111579895e+00
3.649067580699920654e+00
3.303724527359008789e+00
3.893186300992965698e+00
4.243232905864715576e+00
3.229769021272659302e+00
3.796082735061645508e+00
3.608641922473907471e+00
3.542966842651367188e+00
3.822917938232421875e+00
3.994840234518051147e+00
3.125217109918594360e+00
3.303595781326293945e+00
4.514233618974685669e+00
3.971771597862243652e+00
3.527838066220283508e+00
3.427982106804847717e+00
3.071742430329322815e+00
4.048235118389129639e+00
3.313427641987800598e+00
4.380710124969482422e+00
4.351030141115188599e+00
3.331948593258857727e+00
4.648134708404541016e+00
3.603873252868652344e+00
4.416439980268478394e+00
3.533914312720298767e+00
3.564127162098884583e+00
3.247839212417602539e+00
4.274887442588806152e+00
4.271214753389358521e+00
3.061617501080036163e+00
3.750936090946197510e+00
3.214508295059204102e+00
3.229644745588302612e+00
2.974948510527610779e+00
3.358551561832427979e+00
4.607668519020080566e+00
4.596619606018066406e+00
3.245776966214179993e+00
3.377930745482444763e+00
3.340080827474594116e+00
3.820501118898391724e+00
4.111460298299789429e+00
3.326299190521240234e+00
4.522528946399688721e+00
3.739098161458969116e+00
3.244644775986671448e+00
3.520493358373641968e+00
3.586900234222412109e+00
3.908870071172714233e+00
4.341075569391250610e+00
4.516913294792175293e+00
4.031646847724914551e+00
3.228355795145034790e+00
4.030334651470184326e+00
4.533958584070205688e+00
3.832047730684280396e+00
4.056698381900787354e+00
3.348026201128959656e+00
4.665202647447586060e+00
4.474052488803863525e+00
4.201671481132507324e+00
3.832886517047882080e+00
4.054277688264846802e+00
3.450619354844093323e+00
4.659406542778015137e+00
3.605003431439399719e+00
3.857781291007995605e+00
3.621989041566848755e+00
3.416061401367187500e+00
4.508160054683685303e+00
3.043208345770835876e+00
4.448548257350921631e+00
3.115866258740425110e+00
3.696875721216201782e+00
3.389865383505821228e+00
3.368761837482452393e+00
3.779446333646774292e+00
3.980284035205841064e+00
3.360219821333885193e+00
3.676328063011169434e+00
3.801912963390350342e+00
4.726819097995758057e+00
4.713303744792938232e+00
3.327382430434226990e+00
3.124524727463722229e+00
3.997827768325805664e+00
3.495444431900978088e+00
4.876928925514221191e+00
4.261440932750701904e+00
4.117034971714019775e+00
3.869385421276092529e+00
3.554574251174926758e+00
4.007344543933868408e+00
3.838028758764266968e+00
3.593623638153076172e+00
4.099404066801071167e+00
4.367646127939224243e+00
3.988644182682037354e+00
3.309349045157432556e+00
3.237334787845611572e+00
3.484947085380554199e+00
4.372377246618270874e+00
3.703538030385971069e+00
4.465885311365127563e+00
3.409373909235000610e+00
4.050607085227966309e+00
3.625095859169960022e+00
3.704452067613601685e+00
4.327903389930725098e+00
3.534018248319625854e+00
2.798446491360664368e+00
4.051779061555862427e+00
3.375131040811538696e+00
3.618747964501380920e+00
4.620268642902374268e+00
3.096764758229255676e+00
3.751120865345001221e+00
3.687604516744613647e+00
4.068923294544219971e+00
3.840516358613967896e+00
2.837973125278949738e+00
3.135863840579986572e+00
4.285649210214614868e+00
4.096946716308593750e+00
4.082795530557632446e+00
3.552952185273170471e+00
4.313135743141174316e+00
3.758646547794342041e+00
3.829732835292816162e+00
4.605157673358917236e+00
3.219019398093223572e+00
3.549579828977584839e+00
3.405408933758735657e+00
4.253604114055633545e+00
3.456122428178787231e+00
4.005258530378341675e+00
3.632264509797096252e+00
3.933979421854019165e+00
4.616500884294509888e+00
4.264176785945892334e+00
4.478580504655838013e+00
4.636609703302383423e+00
4.187901169061660767e+00
3.585748896002769470e+00
3.822244256734848022e+00
4.389789849519729614e+00
4.799430072307586670e+00
3.938627988100051880e+00
3.207952305674552917e+00
4.246136397123336792e+00
3.785986900329589844e+00
4.195748269557952881e+00
4.017107933759689331e+00
4.100792557001113892e+00
3.808733075857162476e+00
4.032736569643020630e+00
4.305147975683212280e+00
4.136239588260650635e+00
3.783646374940872192e+00
4.359775483608245850e+00
3.302189037203788757e+00
4.410216212272644043e+00
4.002060294151306152e+00
4.031506925821304321e+00
4.220099598169326782e+00
3.957678526639938354e+00
3.459468930959701538e+00
4.722106009721755981e+00
3.163950890302658081e+00
4.414214193820953369e+00
4.489724636077880859e+00
4.870318323373794556e+00
3.035647273063659668e+00
4.325715601444244385e+00
2.933559417724609375e+00
3.842163532972335815e+00
3.447077870368957520e+00
4.298853576183319092e+00
3.804273009300231934e+00
3.132902681827545166e+00
3.490407615900039673e+00
3.239394873380661011e+00
4.647081941366195679e+00
4.476475119590759277e+00
2.938463352620601654e+00
3.512331694364547729e+00
4.425992369651794434e+00
4.435138106346130371e+00
4.080484807491302490e+00
4.121570438146591187e+00
3.293173387646675110e+00
2.989880219101905823e+00
3.500797003507614136e+00
3.507904112339019775e+00
3.000928051769733429e+00
4.459843039512634277e+00
4.049691557884216309e+00
3.508271351456642151e+00
4.248186349868774414e+00
3.907845616340637207e+00
3.534692972898483276e+00
3.702411055564880371e+00
3.413187414407730103e+00
4.550241082906723022e+00
3.935948312282562256e+00
4.009168744087219238e+00
4.440600126981735229e+00
4.251282960176467896e+00
4.173029363155364990e+00
4.080951213836669922e+00
3.459735661745071411e+00
3.968335390090942383e+00
3.681475669145584106e+00
4.392424076795578003e+00
3.396038934588432312e+00
3.042283765971660614e+00
3.976950794458389282e+00
4.098166078329086304e+00
4.202541857957839966e+00
3.821448236703872681e+00
3.430996760725975037e+00
3.261608704924583435e+00
3.562922179698944092e+00
4.794398248195648193e+00
4.499307274818420410e+00
4.329740703105926514e+00
3.667884990572929382e+00
4.192918390035629272e+00
4.577117264270782471e+00
3.813277482986450195e+00
3.292341381311416626e+00
3.082999400794506073e+00
3.222060799598693848e+00
4.445354491472244263e+00
3.787737190723419189e+00
3.423723950982093811e+00
3.739045038819313049e+00
2.958353757858276367e+00
4.715311825275421143e+00
4.391888380050659180e+00
4.304334819316864014e+00
3.882466256618499756e+00
4.205332398414611816e+00
3.192695528268814087e+00
3.955370485782623291e+00
3.978118896484375000e+00
3.988288342952728271e+00
3.630966544151306152e+00
3.772571235895156860e+00
3.911188691854476929e+00
4.227390587329864502e+00
3.432076796889305115e+00
3.898382186889648438e+00
4.856335669755935669e+00
3.042258843779563904e+00
3.973983824253082275e+00
4.452075660228729248e+00
4.256150573492050171e+00
3.079493939876556396e+00
4.280638396739959717e+00
4.686255753040313721e+00
4.559538066387176514e+00
3.158808127045631409e+00
3.613214790821075439e+00
3.192176148295402527e+00
3.376252502202987671e+00
4.107159823179244995e+00
4.105854481458663940e+00
4.367638975381851196e+00
3.378370553255081177e+00
3.124767169356346130e+00
3.627296239137649536e+00
3.291983678936958313e+00
4.101089388132095337e+00
4.291342943906784058e+00
3.610706031322479248e+00
4.130596965551376343e+00
2.830333374440670013e+00
4.264241605997085571e+00
3.598457574844360352e+00
3.322777971625328064e+00
3.148765414953231812e+00
4.012259095907211304e+00
4.208718836307525635e+00
4.858115464448928833e+00
3.938625454902648926e+00
3.382129073143005371e+00
3.845700621604919434e+00
4.067931324243545532e+00
3.538599461317062378e+00
4.410735964775085449e+00
3.557614237070083618e+00
4.497082680463790894e+00
4.053355604410171509e+00
3.862058818340301514e+00
3.519893139600753784e+00
3.542340546846389771e+00
4.364864528179168701e+00
4.042617529630661011e+00
3.816636651754379272e+00
4.579384922981262207e+00
3.704853653907775879e+00
4.421408772468566895e+00
4.492527097463607788e+00
4.192539006471633911e+00
3.535253256559371948e+00
3.135532215237617493e+00
2.784323655068874359e+00
3.559994250535964966e+00
3.808318376541137695e+00
3.602669835090637207e+00
4.246943742036819458e+00
3.922289013862609863e+00
3.786851912736892700e+00
4.107647389173507690e+00
3.756750673055648804e+00
3.378292918205261230e+00
4.225974380970001221e+00
4.578533917665481567e+00
3.709252625703811646e+00
3.208902031183242798e+00
3.271060585975646973e+00
3.642325252294540405e+00
3.787011802196502686e+00
3.950895220041275024e+00
3.285479694604873657e+00
3.041322417557239532e+00
3.509178459644317627e+00
4.128624498844146729e+00
4.020816534757614136e+00
4.057278782129287720e+00
3.629876002669334412e+00
3.051275126636028290e+00
4.476737976074218750e+00
4.278234690427780151e+00
4.542686641216278076e+00
4.025041759014129639e+00
4.588366001844406128e+00
3.978959918022155762e+00
3.710647076368331909e+00
3.724526539444923401e+00
4.331941753625869751e+00
3.785155415534973145e+00
2.805013470351696014e+00
4.450638890266418457e+00
4.256780743598937988e+00
4.681809693574905396e+00
4.310009479522705078e+00
4.262228757143020630e+00
3.698400333523750305e+00
4.237494766712188721e+00
2.852423489093780518e+00
4.465015679597854614e+00
3.327108472585678101e+00
3.968272954225540161e+00
3.685124814510345459e+00
4.539321362972259521e+00
4.354080408811569214e+00
4.012904763221740723e+00
4.445438385009765625e+00
3.517402410507202148e+00
4.213436245918273926e+00
4.217893034219741821e+00
4.693301469087600708e+00
3.281713500618934631e+00
3.184613361954689026e+00
3.852111101150512695e+00
3.610872998833656311e+00
4.728085994720458984e+00
3.530304133892059326e+00
3.883177787065505981e+00
3.014993891119956970e+00
4.225645512342453003e+00
4.448812603950500488e+00
3.782514631748199463e+00
3.814604282379150391e+00
3.625105693936347961e+00
3.367771357297897339e+00
3.093381971120834351e+00
4.492776691913604736e+00
4.584668576717376709e+00
3.798275738954544067e+00
4.248760342597961426e+00
4.593166708946228027e+00
4.402953982353210449e+00
4.006239473819732666e+00
4.370886981487274170e+00
4.394507408142089844e+00
4.463181048631668091e+00
3.570425733923912048e+00
3.383006080985069275e+00
3.100607171654701233e+00
3.607890754938125610e+00
3.639592677354812622e+00
4.199184477329254150e+00
3.691583722829818726e+00
3.757389187812805176e+00
3.434753119945526123e+00
4.094340354204177856e+00
3.785187900066375732e+00
3.570271953940391541e+00
3.647162541747093201e+00
3.396975845098495483e+00
3.900723755359649658e+00
3.847141265869140625e+00
4.173157364130020142e+00
3.647187203168869019e+00
3.649388104677200317e+00
3.571842387318611145e+00
3.932031691074371338e+00
4.711992740631103516e+00
4.351474940776824951e+00
3.286136388778686523e+00
3.325466886162757874e+00
3.354909271001815796e+00
4.267267584800720215e+00
3.949051648378372192e+00
3.959677219390869141e+00
3.618494942784309387e+00
3.409158959984779358e+00
3.357824161648750305e+00
3.749381825327873230e+00
4.040925502777099609e+00
3.530590608716011047e+00
2.991317808628082275e+00
3.351370841264724731e+00
3.466007709503173828e+00
4.479987621307373047e+00
3.244195803999900818e+00
4.342895746231079102e+00
3.830955624580383301e+00
4.896649569272994995e+00
3.421014770865440369e+00
4.330136030912399292e+00
2.805557157844305038e+00
2.959353551268577576e+00
4.004533588886260986e+00
2.974799051880836487e+00
3.397903814911842346e+00
3.838969320058822632e+00
3.427721336483955383e+00
2.817447930574417114e+00
2.979341521859169006e+00
4.344598948955535889e+00
3.960751891136169434e+00
4.020541906356811523e+00
4.085552841424942017e+00
4.606188386678695679e+00
4.185273945331573486e+00
4.001773595809936523e+00
3.353749588131904602e+00
3.666460588574409485e+00
4.103499501943588257e+00
3.757361024618148804e+00
3.427801206707954407e+00
3.114493153989315033e+00
4.440906643867492676e+00
3.587420284748077393e+00
3.598306626081466675e+00
3.219224959611892700e+00
4.518291503190994263e+00
3.271918445825576782e+00
4.166095405817031860e+00
3.651791736483573914e+00
4.318177700042724609e+00
3.532794266939163208e+00
4.217602014541625977e+00
3.609792366623878479e+00
4.236457049846649170e+00
4.331562519073486328e+00
4.226973503828048706e+00
3.837492316961288452e+00
3.918395042419433594e+00
4.285382628440856934e+00
3.037664368748664856e+00
3.458609730005264282e+00
3.128589093685150146e+00
3.920369744300842285e+00
4.456360042095184326e+00
4.107281416654586792e+00
3.540485650300979614e+00
3.361680135130882263e+00
4.147978276014328003e+00
3.561141192913055420e+00
3.131662234663963318e+00
4.002190977334976196e+00
4.008666276931762695e+00
3.643120229244232178e+00
3.305371329188346863e+00
4.513334333896636963e+00
4.109764546155929565e+00
4.129015207290649414e+00
4.357944875955581665e+00
4.024548679590225220e+00
4.083772301673889160e+00
4.015714526176452637e+00
4.797486662864685059e+00
3.195946738123893738e+00
3.979478031396865845e+00
4.113352298736572266e+00
3.724346905946731567e+00
3.170538544654846191e+00
4.153741300106048584e+00
3.522356003522872925e+00
3.382263481616973877e+00
3.663592487573623657e+00
3.973264396190643311e+00
4.532768279314041138e+00
4.657463729381561279e+00
4.299534708261489868e+00
3.405261561274528503e+00
4.120910465717315674e+00
3.761152774095535278e+00
4.717893004417419434e+00
3.878655582666397095e+00
3.467457592487335205e+00
2.950035445392131805e+00
4.965669661760330200e+00
3.615463972091674805e+00
4.178305268287658691e+00
3.717350736260414124e+00
3.994148224592208862e+00
4.167809486389160156e+00
3.098860383033752441e+00
3.581175208091735840e+00
3.641752600669860840e+00
3.794898390769958496e+00
4.806829392910003662e+00
3.499308377504348755e+00
4.276698231697082520e+00
2.769846580922603607e+00
4.222454577684402466e+00
3.503548577427864075e+00
3.221894279122352600e+00
3.068011179566383362e+00
3.707441240549087524e+00
3.993609398603439331e+00
4.299601316452026367e+00
3.619875758886337280e+00
4.813759326934814453e+00
3.329086676239967346e+00
3.857918530702590942e+00
3.446783795952796936e+00
3.864320516586303711e+00
3.788053542375564575e+00
