4.052550643682479858e+00
4.109973162412643433e+00
2.950941026210784912e+00
4.342170059680938721e+00
4.929904639720916748e+00
4.332581460475921631e+00
4.210166633129119873e+00
4.315131902694702148e+00
4.734369963407516479e+00
4.431474506855010986e+00
4.018783122301101685e+00
3.159283995628356934e+00
4.569466561079025269e+00
3.800935149192810059e+00
4.846543371677398682e+00
4.861109852790832520e+00
4.275868833065032959e+00
4.530311077833175659e+00
4.594898968935012817e+00
4.536164104938507080e+00
4.953108429908752441e+00
4.262936562299728394e+00
4.392228424549102783e+00
4.925264567136764526e+00
3.359859734773635864e+00
3.645558580756187439e+00
4.694702029228210449e+00
4.911288321018218994e+00
3.627934157848358154e+00
4.896084368228912354e+00
4.232751131057739258e+00
3.964958637952804565e+00
4.377547502517700195e+00
4.520216435194015503e+00
4.038056731224060059e+00
4.199849516153335571e+00
3.673770353198051453e+00
4.655161947011947632e+00
4.395367354154586792e+00
4.513782262802124023e+00
4.801040887832641602e+00
4.575001597404479980e+00
3.222066164016723633e+00
4.767817854881286621e+00
4.888544082641601562e+00
4.082163870334625244e+00
4.350342601537704468e+00
4.987238049507141113e+00
4.543306827545166016e+00
4.341399371623992920e+00
4.211573302745819092e+00
3.647579625248908997e+00
3.694513812661170959e+00
4.491360336542129517e+00
4.934993386268615723e+00
4.362106025218963623e+00
3.429241478443145752e+00
3.712477460503578186e+00
4.658794105052947998e+00
3.716875463724136353e+00
3.944491595029830933e+00
4.315978884696960449e+00
3.702490255236625671e+00
3.918647766113281250e+00
4.094246774911880493e+00
4.224663525819778442e+00
4.816952943801879883e+00
4.752935618162155151e+00
4.549698531627655029e+00
3.935174942016601562e+00
4.104025065898895264e+00
3.612014725804328918e+00
4.296711087226867676e+00
4.378697425127029419e+00
4.142937958240509033e+00
4.390222877264022827e+00
4.321291446685791016e+00
4.581095725297927856e+00
4.050240665674209595e+00
4.127060920000076294e+00
4.471687227487564087e+00
4.708364754915237427e+00
4.230431467294692993e+00
4.961103647947311401e+00
4.115713536739349365e+00
4.378218352794647217e+00
3.808303326368331909e+00
4.867828786373138428e+00
4.884721785783767700e+00
4.174582362174987793e+00
3.375462070107460022e+00
4.051382243633270264e+00
4.639097154140472412e+00
3.829847127199172974e+00
4.500648975372314453e+00
4.297806918621063232e+00
4.204497635364532471e+00
4.884125590324401855e+00
3.834585547447204590e+00
3.916755616664886475e+00
4.824020415544509888e+00
4.943952113389968872e+00
4.637421965599060059e+00
3.748039901256561279e+00
4.098359346389770508e+00
4.078346937894821167e+00
4.833797961473464966e+00
4.126037657260894775e+00
4.811889678239822388e+00
4.981534034013748169e+00
3.638555034995079041e+00
3.894774913787841797e+00
3.803816139698028564e+00
4.501848518848419189e+00
4.450527429580688477e+00
4.528159946203231812e+00
4.382848739624023438e+00
3.984073847532272339e+00
4.599494189023971558e+00
4.095461815595626831e+00
4.771641194820404053e+00
4.850116372108459473e+00
3.509005829691886902e+00
4.473335295915603638e+00
3.646151795983314514e+00
4.324958175420761108e+00
4.143315404653549194e+00
3.959790021181106567e+00
4.852334409952163696e+00
3.994612693786621094e+00
4.087175577878952026e+00
4.382199943065643311e+00
4.388261735439300537e+00
4.172366708517074585e+00
3.942419141530990601e+00
4.249507784843444824e+00
4.951665699481964111e+00
4.859073460102081299e+00
4.554717242717742920e+00
4.648625850677490234e+00
4.253388345241546631e+00
4.940745234489440918e+00
3.793612718582153320e+00
4.296999871730804443e+00
4.297741651535034180e+00
4.483924210071563721e+00
3.711473569273948669e+00
4.785480797290802002e+00
4.090693593025207520e+00
3.819261789321899414e+00
3.581033051013946533e+00
3.621291294693946838e+00
4.915447235107421875e+00
4.534353017807006836e+00
4.633245319128036499e+00
4.920019209384918213e+00
4.252316802740097046e+00
4.263356029987335205e+00
4.659983962774276733e+00
3.812404125928878784e+00
4.686038643121719360e+00
3.803973644971847534e+00
4.141687750816345215e+00
4.547889530658721924e+00
4.487568140029907227e+00
3.516152501106262207e+00
4.550878256559371948e+00
4.412073493003845215e+00
3.372081294655799866e+00
4.425833374261856079e+00
4.099133908748626709e+00
4.263063222169876099e+00
4.213593155145645142e+00
3.986243307590484619e+00
3.828043043613433838e+00
4.878062456846237183e+00
3.891048580408096313e+00
4.035077244043350220e+00
4.805644303560256958e+00
4.488973915576934814e+00
4.016297757625579834e+00
3.546106144785881042e+00
3.632734045386314392e+00
4.226887375116348267e+00
4.000144600868225098e+00
3.814127296209335327e+00
3.595395088195800781e+00
4.335642009973526001e+00
3.910974413156509399e+00
4.075904190540313721e+00
4.239851087331771851e+00
4.059889316558837891e+00
3.574277386069297791e+00
4.534290432929992676e+00
4.301774799823760986e+00
4.521823227405548096e+00
3.949297219514846802e+00
4.410844296216964722e+00
3.769296705722808838e+00
4.397081136703491211e+00
4.843953698873519897e+00
3.883343636989593506e+00
4.230007678270339966e+00
4.700468629598617554e+00
3.872064501047134399e+00
4.696934968233108521e+00
4.678376466035842896e+00
3.685138225555419922e+00
4.128432720899581909e+00
4.908329397439956665e+00
4.600254595279693604e+00
4.898568838834762573e+00
4.839268475770950317e+00
4.278842359781265259e+00
3.723367080092430115e+00
4.825673550367355347e+00
4.043039828538894653e+00
4.448129683732986450e+00
4.750767499208450317e+00
3.945472389459609985e+00
3.445233330130577087e+00
4.432631283998489380e+00
4.494659453630447388e+00
4.827023446559906006e+00
4.046347439289093018e+00
3.846942037343978882e+00
4.738218039274215698e+00
3.886958360671997070e+00
4.522178024053573608e+00
4.237105995416641235e+00
4.578805863857269287e+00
3.883238583803176880e+00
4.405914545059204102e+00
2.957171536982059479e+00
4.160114228725433350e+00
4.188255220651626587e+00
4.037711620330810547e+00
3.983440846204757690e+00
4.525502026081085205e+00
3.990093171596527100e+00
4.681107103824615479e+00
4.251357465982437134e+00
4.220944643020629883e+00
3.950293213129043579e+00
4.223864674568176270e+00
4.709447324275970459e+00
4.107398539781570435e+00
4.746006727218627930e+00
4.375090599060058594e+00
4.999374598264694214e+00
4.212454706430435181e+00
3.481271341443061829e+00
4.365854859352111816e+00
4.426999837160110474e+00
4.458082467317581177e+00
4.176205545663833618e+00
3.262742981314659119e+00
4.481476992368698120e+00
4.808514267206192017e+00
3.288003578782081604e+00
4.474940299987792969e+00
4.798631072044372559e+00
4.094045907258987427e+00
3.833680599927902222e+00
4.168099910020828247e+00
4.643683284521102905e+00
4.339058548212051392e+00
3.477149009704589844e+00
4.193594306707382202e+00
4.862948954105377197e+00
3.379519954323768616e+00
4.333315640687942505e+00
4.979131072759628296e+00
4.075973331928253174e+00
3.584048822522163391e+00
4.089293777942657471e+00
4.138685166835784912e+00
4.265553504228591919e+00
4.198977202177047729e+00
4.823363572359085083e+00
4.010018408298492432e+00
3.742634207010269165e+00
3.846870511770248413e+00
4.723141193389892578e+00
4.191425591707229614e+00
4.405890554189682007e+00
4.220719933509826660e+00
4.288654774427413940e+00
3.915498256683349609e+00
4.489457458257675171e+00
3.812807500362396240e+00
3.895571082830429077e+00
4.986902624368667603e+00
3.999303430318832397e+00
4.443341046571731567e+00
4.143125414848327637e+00
4.430317878723144531e+00
4.386073946952819824e+00
4.022224098443984985e+00
3.480475991964340210e+00
4.718255102634429932e+00
4.158570319414138794e+00
3.861606568098068237e+00
4.080642908811569214e+00
4.460912495851516724e+00
4.992615133523941040e+00
4.492255598306655884e+00
4.316022247076034546e+00
3.552081733942031860e+00
4.945465177297592163e+00
4.577838033437728882e+00
4.273308068513870239e+00
3.711863458156585693e+00
4.981389939785003662e+00
4.531998634338378906e+00
4.505633413791656494e+00
3.767057508230209351e+00
4.189207851886749268e+00
4.712256491184234619e+00
4.053257405757904053e+00
3.408251479268074036e+00
4.222131073474884033e+00
3.844141215085983276e+00
4.018243402242660522e+00
3.821046650409698486e+00
4.381699711084365845e+00
3.731838911771774292e+00
4.255020022392272949e+00
4.654305428266525269e+00
4.154707491397857666e+00
4.026125669479370117e+00
3.960824459791183472e+00
4.625712931156158447e+00
4.781846106052398682e+00
4.777829349040985107e+00
4.719458669424057007e+00
3.399984538555145264e+00
4.438675194978713989e+00
4.726001918315887451e+00
4.773049950599670410e+00
4.320065379142761230e+00
4.080598205327987671e+00
3.554968684911727905e+00
4.011399447917938232e+00
4.912625849246978760e+00
3.570184558629989624e+00
4.002994745969772339e+00
3.932408243417739868e+00
3.911195397377014160e+00
4.423192590475082397e+00
4.498123526573181152e+00
4.662546515464782715e+00
4.691889286041259766e+00
3.827677369117736816e+00
4.058339297771453857e+00
4.094596356153488159e+00
3.853050917387008667e+00
4.016799926757812500e+00
3.919748067855834961e+00
4.820570796728134155e+00
4.544461965560913086e+00
4.872125685214996338e+00
3.994092047214508057e+00
4.144434034824371338e+00
3.830354958772659302e+00
4.412328153848648071e+00
3.991883248090744019e+00
4.614278674125671387e+00
4.326442182064056396e+00
4.758168160915374756e+00
4.662621915340423584e+00
3.768879473209381104e+00
4.151562154293060303e+00
4.661529511213302612e+00
4.589661806821823120e+00
4.621106833219528198e+00
4.678471088409423828e+00
3.659735843539237976e+00
4.175013303756713867e+00
4.283592998981475830e+00
4.138811975717544556e+00
4.493478983640670776e+00
4.537517875432968140e+00
4.365641325712203979e+00
4.121639579534530640e+00
4.932867735624313354e+00
3.599841967225074768e+00
4.120004028081893921e+00
4.516292214393615723e+00
4.644557833671569824e+00
3.807058185338973999e+00
4.336116611957550049e+00
3.329211995005607605e+00
3.290982916951179504e+00
3.362300097942352295e+00
4.590425938367843628e+00
4.945736378431320190e+00
4.206093400716781616e+00
3.988579362630844116e+00
4.691518992185592651e+00
4.196380227804183960e+00
4.328797757625579834e+00
4.097237437963485718e+00
3.591300323605537415e+00
4.881725311279296875e+00
4.317510426044464111e+00
4.552444070577621460e+00
3.909050971269607544e+00
3.357049524784088135e+00
3.950916826725006104e+00
4.077481329441070557e+00
3.902060985565185547e+00
3.780736178159713745e+00
4.139116406440734863e+00
4.772719144821166992e+00
4.519201368093490601e+00
4.293193817138671875e+00
4.910944849252700806e+00
4.378241002559661865e+00
3.589469641447067261e+00
4.325053989887237549e+00
4.963154792785644531e+00
4.073429405689239502e+00
4.190884828567504883e+00
4.405167102813720703e+00
4.041886180639266968e+00
4.534759670495986938e+00
4.414370507001876831e+00
4.594268798828125000e+00
4.305383712053298950e+00
4.350887984037399292e+00
4.103078097105026245e+00
4.972469061613082886e+00
4.693198502063751221e+00
4.105704873800277710e+00
3.397903665900230408e+00
3.896939158439636230e+00
4.286868423223495483e+00
4.568167775869369507e+00
4.265081137418746948e+00
4.512457698583602905e+00
4.781144708395004272e+00
3.685963898897171021e+00
4.378577172756195068e+00
4.782260954380035400e+00
4.921038150787353516e+00
4.476326853036880493e+00
4.486169666051864624e+00
4.110272675752639771e+00
4.236932545900344849e+00
4.357607662677764893e+00
4.714448153972625732e+00
3.899091184139251709e+00
3.855526894330978394e+00
3.763076961040496826e+00
4.411069452762603760e+00
3.645073473453521729e+00
4.481438994407653809e+00
3.853769749402999878e+00
4.242034554481506348e+00
4.571376591920852661e+00
3.680989444255828857e+00
4.004419296979904175e+00
4.062817841768264771e+00
4.033629149198532104e+00
4.523226916790008545e+00
4.383786916732788086e+00
3.726543337106704712e+00
4.447661638259887695e+00
4.039190411567687988e+00
4.318358153104782104e+00
4.039866030216217041e+00
4.419116973876953125e+00
4.187137633562088013e+00
4.645233899354934692e+00
4.823413938283920288e+00
4.301208704710006714e+00
4.257842600345611572e+00
4.621312171220779419e+00
4.598611891269683838e+00
4.266929626464843750e+00
4.532305896282196045e+00
3.803714960813522339e+00
4.297365248203277588e+00
4.082075357437133789e+00
4.152065813541412354e+00
4.376398324966430664e+00
3.683773577213287354e+00
4.408979415893554688e+00
3.756914138793945312e+00
4.699493795633316040e+00
4.894488155841827393e+00
4.051738381385803223e+00
4.670032858848571777e+00
3.808773905038833618e+00
4.748098254203796387e+00
4.368716776371002197e+00
4.560651034116744995e+00
3.911035656929016113e+00
4.407908171415328979e+00
3.767754584550857544e+00
4.216862320899963379e+00
4.125128239393234253e+00
4.220563024282455444e+00
3.850557506084442139e+00
4.846640825271606445e+00
4.332091063261032104e+00
4.321527183055877686e+00
4.162886589765548706e+00
3.663395121693611145e+00
4.352297186851501465e+00
4.197426736354827881e+00
3.867551386356353760e+00
3.821941912174224854e+00
4.569683521986007690e+00
4.063804894685745239e+00
4.127153456211090088e+00
3.744314610958099365e+00
4.360135793685913086e+00
4.303325265645980835e+00
4.182138890027999878e+00
4.460175186395645142e+00
3.851801007986068726e+00
4.356468468904495239e+00
4.502322375774383545e+00
4.286106377840042114e+00
4.129778146743774414e+00
4.222125560045242310e+00
4.498592764139175415e+00
3.506238162517547607e+00
4.832007437944412231e+00
4.115686118602752686e+00
4.325704723596572876e+00
4.832902401685714722e+00
4.079529941082000732e+00
4.567574709653854370e+00
4.948153644800186157e+00
3.803921937942504883e+00
4.622967243194580078e+00
4.339998811483383179e+00
3.733368366956710815e+00
4.104208052158355713e+00
3.733715936541557312e+00
4.565900564193725586e+00
3.757624775171279907e+00
4.340270459651947021e+00
4.290963709354400635e+00
4.428499788045883179e+00
4.403060674667358398e+00
4.638247787952423096e+00
3.641637787222862244e+00
4.622384905815124512e+00
4.757865369319915771e+00
4.125582724809646606e+00
4.448674768209457397e+00
3.977505117654800415e+00
4.557010978460311890e+00
3.451746702194213867e+00
3.418983891606330872e+00
4.138550460338592529e+00
4.274635612964630127e+00
4.259035438299179077e+00
4.092625081539154053e+00
4.800941050052642822e+00
4.726483821868896484e+00
4.141398668289184570e+00
4.884356707334518433e+00
3.700029179453849792e+00
4.371879696846008301e+00
4.614122658967971802e+00
4.888435155153274536e+00
4.915107935667037964e+00
3.327870219945907593e+00
4.137866646051406860e+00
3.616625517606735229e+00
4.527772814035415649e+00
4.203022569417953491e+00
4.680933356285095215e+00
4.710724055767059326e+00
4.586446434259414673e+00
4.581140428781509399e+00
4.950039982795715332e+00
4.011655300855636597e+00
4.074050784111022949e+00
4.528755843639373779e+00
3.711149170994758606e+00
4.071699827909469604e+00
4.351123124361038208e+00
4.359582066535949707e+00
4.481427818536758423e+00
4.552719891071319580e+00
4.523760825395584106e+00
4.276174455881118774e+00
4.634137600660324097e+00
4.022635817527770996e+00
4.411352872848510742e+00
4.847475886344909668e+00
4.167654812335968018e+00
4.487446397542953491e+00
4.368458390235900879e+00
4.246901869773864746e+00
4.085866659879684448e+00
4.433368593454360962e+00
4.910951703786849976e+00
4.705300331115722656e+00
4.042656272649765015e+00
3.488811925053596497e+00
4.368292838335037231e+00
4.750732928514480591e+00
4.293833225965499878e+00
4.291676580905914307e+00
4.426414668560028076e+00
4.291435480117797852e+00
4.147592335939407349e+00
4.517384022474288940e+00
4.452094584703445435e+00
4.730508029460906982e+00
4.878013879060745239e+00
3.695603385567665100e+00
4.265920370817184448e+00
4.117106944322586060e+00
3.957918137311935425e+00
4.844771623611450195e+00
4.575345665216445923e+00
4.871216714382171631e+00
4.879235923290252686e+00
3.891065567731857300e+00
4.894070923328399658e+00
4.574409276247024536e+00
4.143393635749816895e+00
3.921260088682174683e+00
4.765878021717071533e+00
4.947882592678070068e+00
4.050557911396026611e+00
4.582489430904388428e+00
4.407849758863449097e+00
3.854122161865234375e+00
4.344186186790466309e+00
4.910985529422760010e+00
4.469041973352432251e+00
4.491989463567733765e+00
4.569362550973892212e+00
4.848408848047256470e+00
4.154698848724365234e+00
3.552198335528373718e+00
4.539540857076644897e+00
4.379368722438812256e+00
4.802813231945037842e+00
4.000924378633499146e+00
3.980485796928405762e+00
4.341402053833007812e+00
4.177188873291015625e+00
4.653519988059997559e+00
4.139782935380935669e+00
4.409740567207336426e+00
4.221979826688766479e+00
4.709241539239883423e+00
3.572605922818183899e+00
3.626301735639572144e+00
4.049603044986724854e+00
4.441867023706436157e+00
4.176048785448074341e+00
4.971280843019485474e+00
4.579680562019348145e+00
4.188953489065170288e+00
3.886662125587463379e+00
4.955153465270996094e+00
3.929480761289596558e+00
4.234657287597656250e+00
3.919271975755691528e+00
4.673034846782684326e+00
3.506109640002250671e+00
4.898012131452560425e+00
4.115015566349029541e+00
4.087140858173370361e+00
4.956629872322082520e+00
4.185427576303482056e+00
4.689934253692626953e+00
4.394202828407287598e+00
4.282443225383758545e+00
3.401706069707870483e+00
4.677663445472717285e+00
4.570931345224380493e+00
4.886908084154129028e+00
4.561087638139724731e+00
3.578724861145019531e+00
4.377064406871795654e+00
4.323978722095489502e+00
4.103611111640930176e+00
4.217548519372940063e+00
4.018388837575912476e+00
4.068680107593536377e+00
4.127185791730880737e+00
4.514779895544052124e+00
4.319033771753311157e+00
3.793633580207824707e+00
3.580664545297622681e+00
4.375217258930206299e+00
4.291305989027023315e+00
4.297593384981155396e+00
4.297581911087036133e+00
4.036286473274230957e+00
3.748012036085128784e+00
4.534342586994171143e+00
3.627384230494499207e+00
4.760151803493499756e+00
4.430317878723144531e+00
3.210953623056411743e+00
4.342641979455947876e+00
3.934739083051681519e+00
3.962520658969879150e+00
4.559646844863891602e+00
4.638328403234481812e+00
3.787195384502410889e+00
4.622013568878173828e+00
4.095381796360015869e+00
4.372602403163909912e+00
4.243469387292861938e+00
4.475130885839462280e+00
4.578323066234588623e+00
4.056070894002914429e+00
4.224776476621627808e+00
4.542726725339889526e+00
4.562283903360366821e+00
3.501374050974845886e+00
3.966754972934722900e+00
4.416565895080566406e+00
4.107451438903808594e+00
3.704847842454910278e+00
4.378537535667419434e+00
3.670246154069900513e+00
4.312036782503128052e+00
3.871437609195709229e+00
4.951330274343490601e+00
4.302948564291000366e+00
3.416512683033943176e+00
4.754400998353958130e+00
4.207534790039062500e+00
4.264700114727020264e+00
4.548280537128448486e+00
4.512479901313781738e+00
4.076534658670425415e+00
4.291123747825622559e+00
4.971966296434402466e+00
4.382028579711914062e+00
4.834544509649276733e+00
4.612668007612228394e+00
4.306349456310272217e+00
4.365049153566360474e+00
4.381965100765228271e+00
4.888825416564941406e+00
4.036703407764434814e+00
4.787768572568893433e+00
3.848834186792373657e+00
4.544785022735595703e+00
4.289656728506088257e+00
3.933587372303009033e+00
4.588337987661361694e+00
4.320877194404602051e+00
4.051688164472579956e+00
3.627774938941001892e+00
4.995281845331192017e+00
3.961089402437210083e+00
3.888350874185562134e+00
3.638009801506996155e+00
4.994431734085083008e+00
3.765057176351547241e+00
4.090982973575592041e+00
4.347691535949707031e+00
4.922956824302673340e+00
4.840655922889709473e+00
4.905158430337905884e+00
4.177121520042419434e+00
4.949924945831298828e+00
3.729940503835678101e+00
3.991522789001464844e+00
4.541673809289932251e+00
3.937162160873413086e+00
3.110213689506053925e+00
4.788662046194076538e+00
3.620141744613647461e+00
4.390841871500015259e+00
4.218242615461349487e+00
4.278697520494461060e+00
4.837521314620971680e+00
3.753281682729721069e+00
4.034494906663894653e+00
4.612501710653305054e+00
3.304483965039253235e+00
3.559114336967468262e+00
4.486681669950485229e+00
3.576713874936103821e+00
4.152048230171203613e+00
4.002288430929183960e+00
4.490508735179901123e+00
3.650635704398155212e+00
4.118191450834274292e+00
4.904046207666397095e+00
4.120727777481079102e+00
3.984652310609817505e+00
4.260698556900024414e+00
4.175855219364166260e+00
4.568498134613037109e+00
4.078331738710403442e+00
3.552925065159797668e+00
4.273647367954254150e+00
4.171869903802871704e+00
3.718342110514640808e+00
4.579542130231857300e+00
3.901976346969604492e+00
4.179820865392684937e+00
4.176013022661209106e+00
3.928702771663665771e+00
4.786770492792129517e+00
4.843425005674362183e+00
3.514652922749519348e+00
4.010805785655975342e+00
3.921343088150024414e+00
4.712585210800170898e+00
4.936301112174987793e+00
4.023889452219009399e+00
4.889601916074752808e+00
4.698107093572616577e+00
4.724777936935424805e+00
4.714699536561965942e+00
4.414582997560501099e+00
4.385093748569488525e+00
3.832678645849227905e+00
4.664766937494277954e+00
4.671311974525451660e+00
3.217199742794036865e+00
4.146478623151779175e+00
4.495595693588256836e+00
4.059202522039413452e+00
4.958998411893844604e+00
3.355967774987220764e+00
4.794667959213256836e+00
4.772269576787948608e+00
4.422969371080398560e+00
4.846441596746444702e+00
3.682251349091529846e+00
4.175191968679428101e+00
3.730464428663253784e+00
4.885815232992172241e+00
4.860079437494277954e+00
3.923218101263046265e+00
4.693584442138671875e+00
4.265427887439727783e+00
4.901056885719299316e+00
4.398650974035263062e+00
4.386963397264480591e+00
4.170712381601333618e+00
3.998882472515106201e+00
4.342648983001708984e+00
4.063464552164077759e+00
4.814663380384445190e+00
4.560427963733673096e+00
4.985027909278869629e+00
4.687238782644271851e+00
4.917929023504257202e+00
4.842249453067779541e+00
3.872678428888320923e+00
4.047980755567550659e+00
4.818738251924514771e+00
4.833564758300781250e+00
3.663143664598464966e+00
4.600328803062438965e+00
4.535645544528961182e+00
3.973700702190399170e+00
4.589456766843795776e+00
4.155516922473907471e+00
3.808927536010742188e+00
4.717155694961547852e+00
3.872419148683547974e+00
4.317665249109268188e+00
4.616640061140060425e+00
4.191017746925354004e+00
4.513084888458251953e+00
4.157965332269668579e+00
4.951173067092895508e+00
3.909208327531814575e+00
4.409826248884201050e+00
4.631911665201187134e+00
4.353078156709671021e+00
4.977030605077743530e+00
4.752732664346694946e+00
3.797724246978759766e+00
4.774318188428878784e+00
4.739404767751693726e+00
4.612940549850463867e+00
4.816670715808868408e+00
4.959644079208374023e+00
3.656976148486137390e+00
4.351269602775573730e+00
3.979352414608001709e+00
4.284721612930297852e+00
4.578950554132461548e+00
4.889309406280517578e+00
4.176573306322097778e+00
4.894248545169830322e+00
4.925359785556793213e+00
4.725302159786224365e+00
4.580542445182800293e+00
4.144211113452911377e+00
4.423024803400039673e+00
3.743230774998664856e+00
4.926627278327941895e+00
3.572910726070404053e+00
3.985603898763656616e+00
3.813739567995071411e+00
4.049564152956008911e+00
4.852967262268066406e+00
4.562030881643295288e+00
3.960602879524230957e+00
3.712490648031234741e+00
4.478907585144042969e+00
4.996787160634994507e+00
4.246630370616912842e+00
4.065006226301193237e+00
4.209639877080917358e+00
4.409805089235305786e+00
3.983197957277297974e+00
3.052592836320400238e+00
4.621518403291702271e+00
3.615424036979675293e+00
4.631885886192321777e+00
3.563836663961410522e+00
4.333098977804183960e+00
4.986423254013061523e+00
3.993089497089385986e+00
4.023985266685485840e+00
4.535232335329055786e+00
4.597899317741394043e+00
4.272469431161880493e+00
4.437223374843597412e+00
4.664272218942642212e+00
3.421170264482498169e+00
4.254606962203979492e+00
4.112814515829086304e+00
4.576165974140167236e+00
4.641736745834350586e+00
4.932736456394195557e+00
4.434235990047454834e+00
4.180675297975540161e+00
4.584396183490753174e+00
4.431326389312744141e+00
3.587770685553550720e+00
4.178117364645004272e+00
4.297581911087036133e+00
3.388054296374320984e+00
4.574256837368011475e+00
3.413406163454055786e+00
3.619438782334327698e+00
4.029012769460678101e+00
4.172973036766052246e+00
4.379374235868453979e+00
3.976082205772399902e+00
4.125233441591262817e+00
3.184652328491210938e+00
4.910985529422760010e+00
4.158883392810821533e+00
4.967664331197738647e+00
4.731346368789672852e+00
3.605913296341896057e+00
4.596984088420867920e+00
4.691035002470016479e+00
4.122397154569625854e+00
4.316024035215377808e+00
4.486238211393356323e+00
3.879662007093429565e+00
4.314196109771728516e+00
3.804132193326950073e+00
4.035641551017761230e+00
3.828057050704956055e+00
3.756190091371536255e+00
4.191373288631439209e+00
4.953819066286087036e+00
4.538538306951522827e+00
4.332439005374908447e+00
3.878846317529678345e+00
4.000318497419357300e+00
3.805501759052276611e+00
4.186898171901702881e+00
3.864655345678329468e+00
4.300353676080703735e+00
4.418408125638961792e+00
4.512883722782135010e+00
4.681455790996551514e+00
3.250754773616790771e+00
4.077683091163635254e+00
4.312662631273269653e+00
4.960706681013107300e+00
4.161615818738937378e+00
4.426460266113281250e+00
4.309386461973190308e+00
3.721608743071556091e+00
3.618353232741355896e+00
3.813792914152145386e+00
4.195650517940521240e+00
4.136524945497512817e+00
4.911641180515289307e+00
4.180032014846801758e+00
4.628331661224365234e+00
4.249213784933090210e+00
3.655070289969444275e+00
3.582139089703559875e+00
4.356537610292434692e+00
4.541870355606079102e+00
3.816549777984619141e+00
4.980417788028717041e+00
4.133808761835098267e+00
4.127922952175140381e+00
4.364532232284545898e+00
4.531957656145095825e+00
3.726577982306480408e+00
3.567549735307693481e+00
4.557998180389404297e+00
4.545984566211700439e+00
3.994499891996383667e+00
4.450609087944030762e+00
4.521797448396682739e+00
3.747708871960639954e+00
4.693401604890823364e+00
3.823284357786178589e+00
4.083724170923233032e+00
3.784618824720382690e+00
3.995147496461868286e+00
4.245579987764358521e+00
4.870216399431228638e+00
3.940453529357910156e+00
4.112509936094284058e+00
3.947164714336395264e+00
4.712382256984710693e+00
3.876165449619293213e+00
4.121226072311401367e+00
3.724920898675918579e+00
4.661583900451660156e+00
4.908096194267272949e+00
4.787236154079437256e+00
4.029573649168014526e+00
4.692437350749969482e+00
3.858124762773513794e+00
4.263584166765213013e+00
4.077094793319702148e+00
3.715369626879692078e+00
4.701092094182968140e+00
4.498344510793685913e+00
4.264414012432098389e+00
4.456597417593002319e+00
4.284571409225463867e+00
4.078149497509002686e+00
4.683533161878585815e+00
4.123970568180084229e+00
4.394595324993133545e+00
3.935469835996627808e+00
3.803938776254653931e+00
4.426233321428298950e+00
4.620822221040725708e+00
4.245893359184265137e+00
4.048758596181869507e+00
4.830712229013442993e+00
4.267900586128234863e+00
4.283497482538223267e+00
4.444171339273452759e+00
4.755636751651763916e+00
4.183411598205566406e+00
3.845973461866378784e+00
4.724559485912322998e+00
4.621335417032241821e+00
4.459256082773208618e+00
4.035172611474990845e+00
4.351633936166763306e+00
4.737009704113006592e+00
4.738245159387588501e+00
4.406416565179824829e+00
4.701921939849853516e+00
4.121867120265960693e+00
3.563644960522651672e+00
4.391395300626754761e+00
3.997145295143127441e+00
4.154698848724365234e+00
3.423113524913787842e+00
4.585155248641967773e+00
4.550988227128982544e+00
4.754847735166549683e+00
4.315765053033828735e+00
3.562139794230461121e+00
4.237954914569854736e+00
4.628088623285293579e+00
4.332894831895828247e+00
3.836523741483688354e+00
3.845926374197006226e+00
3.710344806313514709e+00
4.452195316553115845e+00
4.577985852956771851e+00
4.263149201869964600e+00
4.940973371267318726e+00
4.754828810691833496e+00
4.787257611751556396e+00
4.177152663469314575e+00
3.743847012519836426e+00
3.958865404129028320e+00
4.698485285043716431e+00
4.841041117906570435e+00
3.979313522577285767e+00
4.616425782442092896e+00
3.644900470972061157e+00
3.452455401420593262e+00
4.807506650686264038e+00
4.436027109622955322e+00
3.943841606378555298e+00
4.470651745796203613e+00
4.408672302961349487e+00
4.293247759342193604e+00
4.574256837368011475e+00
4.967195987701416016e+00
4.222071468830108643e+00
3.725409358739852905e+00
4.048419147729873657e+00
4.805406481027603149e+00
3.491940423846244812e+00
4.856677502393722534e+00
4.792121052742004395e+00
4.001146852970123291e+00
4.618399143218994141e+00
4.174896180629730225e+00
4.183388799428939819e+00
4.575278162956237793e+00
4.092166125774383545e+00
4.778392165899276733e+00
4.616942405700683594e+00
4.483835250139236450e+00
4.496897906064987183e+00
4.599586576223373413e+00
3.696681410074234009e+00
4.363952130079269409e+00
3.890800923109054565e+00
3.939146846532821655e+00
3.794894218444824219e+00
3.603087514638900757e+00
4.139009416103363037e+00
4.036074429750442505e+00
4.365352094173431396e+00
4.489072710275650024e+00
3.611235097050666809e+00
4.675450921058654785e+00
4.220764040946960449e+00
4.354026466608047485e+00
4.860009253025054932e+00
4.339863806962966919e+00
4.010885208845138550e+00
4.652645438909530640e+00
3.480975329875946045e+00
3.849773705005645752e+00
4.422671347856521606e+00
4.238616377115249634e+00
4.203101545572280884e+00
4.391222745180130005e+00
3.930709213018417358e+00
4.231873750686645508e+00
4.033301770687103271e+00
3.859977871179580688e+00
4.853164255619049072e+00
4.662526547908782959e+00
4.640955030918121338e+00
3.547959476709365845e+00
3.934733122587203979e+00
3.968323022127151489e+00
4.661611020565032959e+00
4.793834090232849121e+00
3.760342895984649658e+00
4.113190621137619019e+00
4.349619150161743164e+00
3.874148428440093994e+00
4.962631911039352417e+00
3.875585049390792847e+00
4.109576642513275146e+00
4.608181267976760864e+00
4.687488973140716553e+00
3.966155648231506348e+00
4.219588786363601685e+00
3.702358901500701904e+00
3.953288644552230835e+00
3.810457140207290649e+00
3.785800784826278687e+00
4.251001328229904175e+00
4.109367877244949341e+00
4.494285136461257935e+00
4.160339534282684326e+00
3.597687557339668274e+00
3.808283209800720215e+00
4.986668527126312256e+00
4.635994136333465576e+00
4.959858804941177368e+00
4.814849644899368286e+00
3.881180286407470703e+00
4.616369605064392090e+00
4.629164487123489380e+00
4.828273653984069824e+00
4.542503803968429565e+00
3.667697161436080933e+00
4.044010788202285767e+00
4.892143458127975464e+00
4.788684248924255371e+00
4.800025373697280884e+00
4.119188189506530762e+00
4.765631705522537231e+00
4.165096133947372437e+00
4.460297375917434692e+00
3.704305738210678101e+00
4.340655356645584106e+00
4.526250362396240234e+00
3.936639130115509033e+00
4.669678509235382080e+00
4.356358647346496582e+00
4.531166851520538330e+00
3.954702466726303101e+00
4.237414002418518066e+00
4.987106770277023315e+00
4.473302662372589111e+00
4.711284041404724121e+00
4.593496024608612061e+00
4.324743747711181641e+00
3.698756471276283264e+00
3.503694012761116028e+00
4.565316736698150635e+00
4.099454432725906372e+00
4.681765288114547729e+00
4.502471536397933960e+00
3.757110685110092163e+00
4.676920324563980103e+00
4.383738189935684204e+00
3.952154517173767090e+00
4.507142901420593262e+00
4.435611069202423096e+00
3.553028181195259094e+00
4.288219958543777466e+00
4.476378262042999268e+00
4.647499620914459229e+00
4.847285300493240356e+00
4.437702745199203491e+00
4.231140613555908203e+00
4.682643860578536987e+00
3.438307195901870728e+00
3.717291802167892456e+00
4.756969213485717773e+00
4.996538460254669189e+00
4.046434909105300903e+00
4.145867228507995605e+00
3.776893466711044312e+00
4.920321106910705566e+00
3.865313231945037842e+00
3.902681022882461548e+00
4.471725523471832275e+00
4.104600101709365845e+00
4.029954224824905396e+00
4.361719489097595215e+00
4.711980223655700684e+00
4.557507783174514771e+00
4.060608446598052979e+00
3.684272095561027527e+00
4.801613688468933105e+00
4.925616681575775146e+00
4.609162807464599609e+00
4.052821248769760132e+00
3.747210204601287842e+00
4.355621933937072754e+00
4.152245521545410156e+00
4.000670313835144043e+00
4.956748485565185547e+00
4.478815346956253052e+00
3.793653249740600586e+00
3.822395503520965576e+00
4.743452668190002441e+00
4.146509468555450439e+00
4.421490728855133057e+00
4.847593605518341064e+00
3.987723290920257568e+00
4.238175004720687866e+00
4.436044245958328247e+00
3.470676541328430176e+00
4.665295928716659546e+00
3.597682267427444458e+00
3.976688235998153687e+00
4.482437223196029663e+00
4.142194688320159912e+00
4.567675143480300903e+00
3.802921772003173828e+00
4.581408500671386719e+00
3.574287593364715576e+00
4.953144490718841553e+00
3.557062745094299316e+00
4.000551998615264893e+00
3.857343196868896484e+00
4.220545738935470581e+00
4.332662820816040039e+00
4.095712006092071533e+00
3.060084879398345947e+00
3.912016898393630981e+00
4.239556640386581421e+00
4.802516996860504150e+00
4.787421375513076782e+00
4.678597748279571533e+00
3.716164380311965942e+00
3.799130469560623169e+00
4.293033331632614136e+00
3.685690388083457947e+00
4.186565577983856201e+00
4.233935028314590454e+00
3.668127283453941345e+00
4.105438441038131714e+00
4.588404744863510132e+00
4.364378899335861206e+00
4.747447669506072998e+00
3.656158819794654846e+00
4.591407924890518188e+00
4.444155544042587280e+00
4.728949666023254395e+00
4.478523433208465576e+00
4.841995537281036377e+00
4.713835716247558594e+00
4.879617840051651001e+00
4.826461523771286011e+00
4.480357766151428223e+00
4.151389598846435547e+00
4.750850200653076172e+00
4.472565054893493652e+00
4.605586081743240356e+00
4.073975831270217896e+00
4.329026341438293457e+00
4.118299335241317749e+00
4.536256492137908936e+00
3.858291059732437134e+00
3.429369106888771057e+00
4.745367616415023804e+00
3.960164338350296021e+00
4.148773849010467529e+00
4.821932315826416016e+00
4.723210930824279785e+00
4.440287947654724121e+00
4.353705644607543945e+00
4.703819602727890015e+00
4.550250172615051270e+00
4.188754856586456299e+00
4.711256772279739380e+00
4.039826095104217529e+00
4.766923934221267700e+00
4.577441662549972534e+00
3.946057558059692383e+00
4.420795142650604248e+00
3.766403198242187500e+00
3.578048273921012878e+00
4.808763265609741211e+00
4.304817616939544678e+00
4.256502687931060791e+00
4.805456399917602539e+00
4.297768175601959229e+00
3.885296881198883057e+00
4.461526870727539062e+00
3.794002085924148560e+00
4.837504327297210693e+00
3.813320994377136230e+00
4.090438783168792725e+00
3.881676048040390015e+00
4.238034337759017944e+00
3.753940761089324951e+00
4.041888415813446045e+00
4.744159579277038574e+00
4.896724373102188110e+00
4.200159609317779541e+00
4.350612908601760864e+00
4.165417402982711792e+00
4.631567746400833130e+00
3.582727313041687012e+00
4.237980693578720093e+00
4.163534343242645264e+00
3.703073635697364807e+00
4.556761980056762695e+00
4.488851428031921387e+00
4.710166156291961670e+00
3.739211335778236389e+00
4.352740049362182617e+00
4.901717007160186768e+00
4.828383326530456543e+00
4.440233260393142700e+00
4.819290637969970703e+00
4.965580552816390991e+00
4.987457096576690674e+00
3.929944783449172974e+00
4.499971121549606323e+00
4.346808791160583496e+00
4.831862300634384155e+00
4.575104862451553345e+00
4.960493147373199463e+00
4.275349378585815430e+00
4.170686751604080200e+00
4.690270125865936279e+00
4.545118659734725952e+00
4.211456924676895142e+00
4.411050975322723389e+00
4.836556613445281982e+00
4.753131866455078125e+00
4.678738564252853394e+00
4.942756891250610352e+00
4.584389925003051758e+00
4.714826196432113647e+00
3.413505554199218750e+00
4.860591590404510498e+00
4.014899730682373047e+00
4.216529428958892822e+00
4.192874282598495483e+00
3.913030624389648438e+00
3.579687997698783875e+00
3.971286565065383911e+00
3.902031928300857544e+00
3.631022721529006958e+00
4.737699180841445923e+00
3.886284679174423218e+00
4.122399091720581055e+00
4.248740971088409424e+00
3.499117344617843628e+00
4.322247356176376343e+00
4.487360119819641113e+00
3.563030138611793518e+00
4.304017126560211182e+00
4.656287878751754761e+00
4.263853728771209717e+00
4.191566109657287598e+00
3.793599754571914673e+00
4.505078792572021484e+00
4.507250934839248657e+00
3.992404490709304810e+00
4.129955917596817017e+00
4.677360355854034424e+00
4.309459924697875977e+00
4.891326725482940674e+00
4.859371632337570190e+00
3.688650578260421753e+00
4.787943810224533081e+00
4.420735239982604980e+00
4.989039897918701172e+00
4.459353387355804443e+00
4.896800965070724487e+00
4.268925637006759644e+00
4.688839614391326904e+00
4.722084701061248779e+00
4.800188541412353516e+00
4.110123813152313232e+00
3.859783560037612915e+00
4.043532460927963257e+00
3.635639920830726624e+00
3.646659851074218750e+00
4.276903867721557617e+00
4.343279004096984863e+00
3.826228827238082886e+00
4.297322332859039307e+00
4.078086316585540771e+00
3.821462094783782959e+00
3.607156872749328613e+00
4.718565940856933594e+00
4.656602591276168823e+00
4.030158370733261108e+00
4.780219644308090210e+00
4.027042537927627563e+00
4.372014850378036499e+00
4.311376512050628662e+00
4.613466262817382812e+00
4.357407540082931519e+00
4.319806843996047974e+00
3.872919678688049316e+00
3.936863243579864502e+00
4.054833501577377319e+00
4.309448301792144775e+00
4.612928479909896851e+00
4.798554480075836182e+00
4.665007442235946655e+00
4.762271046638488770e+00
4.734297692775726318e+00
4.967282265424728394e+00
4.023078829050064087e+00
4.041775763034820557e+00
3.545514270663261414e+00
4.581867009401321411e+00
4.529286026954650879e+00
3.707423284649848938e+00
4.596997499465942383e+00
3.307650014758110046e+00
3.922035545110702515e+00
4.001455605030059814e+00
4.382209330797195435e+00
4.309484809637069702e+00
4.776947945356369019e+00
4.258252382278442383e+00
3.943879306316375732e+00
4.532908052206039429e+00
3.940884917974472046e+00
4.868888854980468750e+00
3.771695643663406372e+00
4.112896621227264404e+00
4.041726589202880859e+00
4.788253754377365112e+00
3.682777658104896545e+00
4.135207682847976685e+00
3.492310270667076111e+00
4.765195995569229126e+00
4.279929101467132568e+00
4.099585413932800293e+00
4.303046762943267822e+00
4.062410593032836914e+00
4.481587707996368408e+00
4.884356707334518433e+00
4.011432677507400513e+00
4.322761446237564087e+00
4.324052035808563232e+00
4.786722064018249512e+00
4.900688976049423218e+00
4.685139358043670654e+00
4.303529560565948486e+00
4.029884040355682373e+00
4.814483523368835449e+00
3.933255970478057861e+00
4.415889680385589600e+00
3.664509207010269165e+00
4.933148324489593506e+00
4.043914228677749634e+00
4.322819858789443970e+00
4.357960373163223267e+00
4.535895586013793945e+00
4.030822962522506714e+00
4.269743412733078003e+00
4.067924767732620239e+00
3.983533084392547607e+00
4.760423898696899414e+00
4.035111218690872192e+00
4.319258034229278564e+00
4.564895033836364746e+00
4.102958887815475464e+00
4.781355559825897217e+00
4.290550947189331055e+00
4.155311137437820435e+00
4.739991575479507446e+00
3.442949727177619934e+00
4.294799268245697021e+00
3.745605573058128357e+00
4.284902364015579224e+00
4.772263914346694946e+00
3.976082205772399902e+00
4.334724992513656616e+00
4.289034157991409302e+00
4.345397055149078369e+00
4.864804893732070923e+00
4.798085093498229980e+00
4.144565612077713013e+00
4.974568188190460205e+00
3.962034583091735840e+00
4.579813033342361450e+00
4.352484345436096191e+00
4.315459579229354858e+00
4.285805523395538330e+00
3.927071243524551392e+00
4.107729643583297729e+00
4.366401135921478271e+00
4.410069584846496582e+00
4.982826411724090576e+00
3.968422561883926392e+00
4.589798152446746826e+00
3.988921344280242920e+00
