4.929082691669464111e+00
4.463943392038345337e+00
4.079080671072006226e+00
4.840437918901443481e+00
4.885351657867431641e+00
4.968137592077255249e+00
4.660148173570632935e+00
4.924428611993789673e+00
4.981612861156463623e+00
4.933592677116394043e+00
4.930781275033950806e+00
4.872912913560867310e+00
4.772984236478805542e+00
4.809859991073608398e+00
4.915013909339904785e+00
5.000000298023223877e+00
4.850573539733886719e+00
4.777246564626693726e+00
4.612604230642318726e+00
4.958069026470184326e+00
4.826896190643310547e+00
4.987455010414123535e+00
4.968571066856384277e+00
4.901932924985885620e+00
4.939132183790206909e+00
4.890159368515014648e+00
4.920074045658111572e+00
4.973638504743576050e+00
4.935312271118164062e+00
4.881781190633773804e+00
4.823340922594070435e+00
5.000000000000000000e+00
4.878143817186355591e+00
4.812805950641632080e+00
4.801072776317596436e+00
4.979977011680603027e+00
4.972821623086929321e+00
4.652083814144134521e+00
4.483326077461242676e+00
4.924494624137878418e+00
4.815040528774261475e+00
4.047554433345794678e+00
4.973433762788772583e+00
4.900194704532623291e+00
4.970135837793350220e+00
4.842703342437744141e+00
5.000000000000000000e+00
4.929423034191131592e+00
4.795148819684982300e+00
4.191740155220031738e+00
4.884373694658279419e+00
4.959315359592437744e+00
4.717386662960052490e+00
4.995629191398620605e+00
4.677201211452484131e+00
4.983174949884414673e+00
4.846401363611221313e+00
4.999999850988388062e+00
4.941917657852172852e+00
4.945939481258392334e+00
4.950872063636779785e+00
4.441162645816802979e+00
4.825900495052337646e+00
4.852379113435745239e+00
4.876036196947097778e+00
4.945797473192214966e+00
4.644698798656463623e+00
4.929882884025573730e+00
4.959500283002853394e+00
4.997787773609161377e+00
5.000000000000000000e+00
4.918624162673950195e+00
4.881240725517272949e+00
4.734796285629272461e+00
4.759788364171981812e+00
4.878255873918533325e+00
4.941687583923339844e+00
4.665764719247817993e+00
4.929668307304382324e+00
4.851928055286407471e+00
4.971196949481964111e+00
4.898435622453689575e+00
4.966794848442077637e+00
4.789799004793167114e+00
4.999999850988388062e+00
4.842496961355209351e+00
4.848597347736358643e+00
4.744070321321487427e+00
4.479334652423858643e+00
4.883021265268325806e+00
4.627200514078140259e+00
4.813969880342483521e+00
4.543413519859313965e+00
4.478684961795806885e+00
4.628015905618667603e+00
4.993778318166732788e+00
4.839922487735748291e+00
4.778866171836853027e+00
4.796910732984542847e+00
4.772413223981857300e+00
4.735428988933563232e+00
4.634525477886199951e+00
4.902012348175048828e+00
4.975862056016921997e+00
4.890995621681213379e+00
4.791995137929916382e+00
4.833755791187286377e+00
4.973594993352890015e+00
4.885659366846084595e+00
4.929892122745513916e+00
4.975358098745346069e+00
4.781700074672698975e+00
4.939094632863998413e+00
4.926259517669677734e+00
4.844720214605331421e+00
5.000000000000000000e+00
4.677350521087646484e+00
4.763637334108352661e+00
4.718257784843444824e+00
4.910776019096374512e+00
4.804755747318267822e+00
4.967962503433227539e+00
4.610373079776763916e+00
4.699441790580749512e+00
4.748448282480239868e+00
4.636357128620147705e+00
4.905036985874176025e+00
4.967154562473297119e+00
4.946013242006301880e+00
4.545561373233795166e+00
4.648483097553253174e+00
4.888780117034912109e+00
4.945965409278869629e+00
4.944889396429061890e+00
4.769754558801651001e+00
4.490009844303131104e+00
4.784517139196395874e+00
4.884122461080551147e+00
4.685076475143432617e+00
4.876333177089691162e+00
4.854817688465118408e+00
4.894441813230514526e+00
4.816038757562637329e+00
4.647986143827438354e+00
4.627223163843154907e+00
4.487929791212081909e+00
4.945777654647827148e+00
4.849650412797927856e+00
4.728520065546035767e+00
4.778655320405960083e+00
4.354536384344100952e+00
4.928870797157287598e+00
4.976174384355545044e+00
4.911086261272430420e+00
4.799897074699401855e+00
4.616663753986358643e+00
4.696945250034332275e+00
4.974193572998046875e+00
4.728764891624450684e+00
4.807050079107284546e+00
4.760627448558807373e+00
4.829204380512237549e+00
4.799366593360900879e+00
4.580122232437133789e+00
4.908008724451065063e+00
4.684172272682189941e+00
4.969569295644760132e+00
4.923480451107025146e+00
4.965067058801651001e+00
4.912313371896743774e+00
4.757390022277832031e+00
4.955234527587890625e+00
4.942263960838317871e+00
4.947641640901565552e+00
4.772162735462188721e+00
4.844372123479843140e+00
4.928824752569198608e+00
4.900189638137817383e+00
4.856125861406326294e+00
4.686618149280548096e+00
4.570690095424652100e+00
4.840447753667831421e+00
4.871306717395782471e+00
4.893396198749542236e+00
4.631684720516204834e+00
4.609450250864028931e+00
4.670776277780532837e+00
4.827645868062973022e+00
4.574769735336303711e+00
4.893518388271331787e+00
4.773113876581192017e+00
4.753644466400146484e+00
4.754226505756378174e+00
4.932412505149841309e+00
4.750204533338546753e+00
4.897777885198593140e+00
4.534267932176589966e+00
4.932260513305664062e+00
4.897890985012054443e+00
4.746526032686233521e+00
4.888524115085601807e+00
4.875192493200302124e+00
4.645584374666213989e+00
4.696069806814193726e+00
4.648351073265075684e+00
4.969713985919952393e+00
4.800958484411239624e+00
4.734715968370437622e+00
4.867648184299468994e+00
4.417380690574645996e+00
4.740042090415954590e+00
4.761643409729003906e+00
4.875198304653167725e+00
4.804807454347610474e+00
4.835402220487594604e+00
4.850902557373046875e+00
4.252283424139022827e+00
4.796622544527053833e+00
4.925242662429809570e+00
4.359577447175979614e+00
4.754701405763626099e+00
4.855295419692993164e+00
3.965313583612442017e+00
4.649167507886886597e+00
4.961902648210525513e+00
4.888127893209457397e+00
4.695219993591308594e+00
4.920924454927444458e+00
4.537661224603652954e+00
4.945838302373886108e+00
4.834417253732681274e+00
4.547613859176635742e+00
4.564091116189956665e+00
4.501427412033081055e+00
4.978139847517013550e+00
4.929511994123458862e+00
4.610382765531539917e+00
4.501397460699081421e+00
4.883350878953933716e+00
4.598454087972640991e+00
4.764481186866760254e+00
4.748598635196685791e+00
4.883560687303543091e+00
4.623281359672546387e+00
4.952305108308792114e+00
4.146707952022552490e+00
4.787622690200805664e+00
4.601889401674270630e+00
4.822261333465576172e+00
4.843494296073913574e+00
4.869135171175003052e+00
4.897608608007431030e+00
4.238667786121368408e+00
4.801622033119201660e+00
4.936676770448684692e+00
4.346065074205398560e+00
4.810229688882827759e+00
4.750898331403732300e+00
4.151796698570251465e+00
4.633734971284866333e+00
4.586815387010574341e+00
4.936697334051132202e+00
4.928026348352432251e+00
4.225716143846511841e+00
4.794074296951293945e+00
4.552267044782638550e+00
4.906896054744720459e+00
4.727740436792373657e+00
4.971597045660018921e+00
4.558605700731277466e+00
4.577705413103103638e+00
4.894147366285324097e+00
4.423045068979263306e+00
4.840003252029418945e+00
4.935810565948486328e+00
4.749697595834732056e+00
4.822637736797332764e+00
3.925887495279312134e+00
4.224120527505874634e+00
4.643982052803039551e+00
4.594917297363281250e+00
4.409853219985961914e+00
4.791040420532226562e+00
4.654295742511749268e+00
4.748955070972442627e+00
4.717607349157333374e+00
4.781060814857482910e+00
4.895556569099426270e+00
4.354469478130340576e+00
4.772279262542724609e+00
4.793595522642135620e+00
4.505498707294464111e+00
4.901363253593444824e+00
4.738346338272094727e+00
4.770071059465408325e+00
4.637932926416397095e+00
4.236898869276046753e+00
4.716193377971649170e+00
4.537585675716400146e+00
4.714716225862503052e+00
3.977389335632324219e+00
4.508462101221084595e+00
4.635884612798690796e+00
4.366689622402191162e+00
4.774845391511917114e+00
4.912367165088653564e+00
3.581319078803062439e+00
4.373987764120101929e+00
4.744293689727783203e+00
4.613564312458038330e+00
4.753361195325851440e+00
4.975415021181106567e+00
4.763934314250946045e+00
4.596934318542480469e+00
4.452276080846786499e+00
4.752220958471298218e+00
4.060438424348831177e+00
4.541600942611694336e+00
3.974955677986145020e+00
4.910065233707427979e+00
4.832486659288406372e+00
4.498501867055892944e+00
4.639967679977416992e+00
4.600087702274322510e+00
4.260341674089431763e+00
4.906698912382125854e+00
4.536790102720260620e+00
4.560802429914474487e+00
4.847350418567657471e+00
4.820590019226074219e+00
4.892574697732925415e+00
4.861708581447601318e+00
4.858348816633224487e+00
4.060381948947906494e+00
4.956592768430709839e+00
4.613999277353286743e+00
4.572181403636932373e+00
4.835119992494583130e+00
4.765650182962417603e+00
4.868316352367401123e+00
4.837368875741958618e+00
4.875608682632446289e+00
4.483495056629180908e+00
4.725562632083892822e+00
4.728599041700363159e+00
4.489682763814926147e+00
4.495548903942108154e+00
4.473924636840820312e+00
4.514761865139007568e+00
4.740907698869705200e+00
4.886572957038879395e+00
4.797489941120147705e+00
4.920472353696823120e+00
4.212351739406585693e+00
4.883065670728683472e+00
4.779020547866821289e+00
4.455720782279968262e+00
4.764736592769622803e+00
4.460980892181396484e+00
4.561450034379959106e+00
4.652611017227172852e+00
4.694250673055648804e+00
4.829207360744476318e+00
4.779117852449417114e+00
4.426247179508209229e+00
4.277742058038711548e+00
4.560229480266571045e+00
4.596021473407745361e+00
4.885613769292831421e+00
4.202531278133392334e+00
4.559048861265182495e+00
4.630984961986541748e+00
4.216971695423126221e+00
4.915288537740707397e+00
4.247080236673355103e+00
4.880875796079635620e+00
4.930218160152435303e+00
4.834938943386077881e+00
4.717166274785995483e+00
4.278559535741806030e+00
4.339834153652191162e+00
4.880872517824172974e+00
4.685640186071395874e+00
4.376669079065322876e+00
4.470884948968887329e+00
4.841041117906570435e+00
4.405741095542907715e+00
4.468836784362792969e+00
4.623285681009292603e+00
4.696941226720809937e+00
4.846645891666412354e+00
4.497227072715759277e+00
4.819276928901672363e+00
4.897865802049636841e+00
4.361889660358428955e+00
4.671487808227539062e+00
4.857972711324691772e+00
4.886535555124282837e+00
4.676250070333480835e+00
4.926362931728363037e+00
4.155901521444320679e+00
4.030280858278274536e+00
4.515945017337799072e+00
4.836892187595367432e+00
4.565344452857971191e+00
4.937143772840499878e+00
4.896000921726226807e+00
3.569434955716133118e+00
4.892295747995376587e+00
4.832719266414642334e+00
4.869192689657211304e+00
3.918391913175582886e+00
4.928561151027679443e+00
4.836757332086563110e+00
4.880145788192749023e+00
4.649111479520797729e+00
4.580162018537521362e+00
4.392323940992355347e+00
4.595503956079483032e+00
4.809779375791549683e+00
4.596905708312988281e+00
4.785571545362472534e+00
4.423153996467590332e+00
4.094685018062591553e+00
4.468750804662704468e+00
4.106106609106063843e+00
4.670427441596984863e+00
4.705230891704559326e+00
4.698460251092910767e+00
4.074056148529052734e+00
4.905115365982055664e+00
4.472152739763259888e+00
3.584095388650894165e+00
4.458454847335815430e+00
4.786757081747055054e+00
4.550726413726806641e+00
4.799567610025405884e+00
4.714853763580322266e+00
4.628960490226745605e+00
4.820792376995086670e+00
4.651431590318679810e+00
4.892346262931823730e+00
4.733497947454452515e+00
4.132960438728332520e+00
4.568606466054916382e+00
4.492283612489700317e+00
4.705926477909088135e+00
4.716005027294158936e+00
4.926839768886566162e+00
3.558490872383117676e+00
4.805183410644531250e+00
4.945200234651565552e+00
4.017534106969833374e+00
4.687397330999374390e+00
4.734930396080017090e+00
4.760617315769195557e+00
4.738447219133377075e+00
4.473019540309906006e+00
4.528686702251434326e+00
4.464240670204162598e+00
4.658097177743911743e+00
4.462346285581588745e+00
4.698472023010253906e+00
3.457026109099388123e+00
4.315498322248458862e+00
4.510160684585571289e+00
4.363818466663360596e+00
4.716894626617431641e+00
4.944426566362380981e+00
4.679123610258102417e+00
4.777086079120635986e+00
4.821861386299133301e+00
4.718560129404067993e+00
4.901985228061676025e+00
4.619327783584594727e+00
3.595933169126510620e+00
4.799596667289733887e+00
4.622754156589508057e+00
4.332920163869857788e+00
4.145443290472030640e+00
4.492302238941192627e+00
4.147192388772964478e+00
4.894526004791259766e+00
4.308297485113143921e+00
4.312144666910171509e+00
4.047229588031768799e+00
4.767950326204299927e+00
4.698560684919357300e+00
4.711136966943740845e+00
4.212169647216796875e+00
4.790822118520736694e+00
4.360758364200592041e+00
4.321021139621734619e+00
4.319485723972320557e+00
4.752885401248931885e+00
4.754422605037689209e+00
4.584253430366516113e+00
3.717463165521621704e+00
4.784028530120849609e+00
4.115772247314453125e+00
4.020992070436477661e+00
4.568876326084136963e+00
4.691041857004165649e+00
4.916400909423828125e+00
4.261207729578018188e+00
4.352862238883972168e+00
4.724321365356445312e+00
3.774712234735488892e+00
4.471010863780975342e+00
4.821953028440475464e+00
4.695634692907333374e+00
4.611997753381729126e+00
4.525972604751586914e+00
4.465203434228897095e+00
4.586806297302246094e+00
4.720422327518463135e+00
4.302482157945632935e+00
4.498094916343688965e+00
4.527030885219573975e+00
4.648856073617935181e+00
4.186813235282897949e+00
4.219513535499572754e+00
4.876561909914016724e+00
4.474746733903884888e+00
4.441880434751510620e+00
4.283642917871475220e+00
4.280752837657928467e+00
4.761872440576553345e+00
4.823385775089263916e+00
4.692997932434082031e+00
4.296518564224243164e+00
4.461013078689575195e+00
4.234083294868469238e+00
4.309676140546798706e+00
3.529233559966087341e+00
4.754802882671356201e+00
4.531598240137100220e+00
4.841678142547607422e+00
4.165644645690917969e+00
4.871146529912948608e+00
4.261229634284973145e+00
3.919080495834350586e+00
3.708820939064025879e+00
3.650592118501663208e+00
4.749357700347900391e+00
4.592346400022506714e+00
4.516483098268508911e+00
4.057859778404235840e+00
4.209937602281570435e+00
4.456842690706253052e+00
3.889685571193695068e+00
4.696768820285797119e+00
4.914217740297317505e+00
4.096492528915405273e+00
4.603903293609619141e+00
4.506714344024658203e+00
4.395966976881027222e+00
4.197099059820175171e+00
4.939529150724411011e+00
4.479949176311492920e+00
4.627732187509536743e+00
4.642214179039001465e+00
4.800335168838500977e+00
4.788186252117156982e+00
4.487130939960479736e+00
4.536532163619995117e+00
4.797157198190689087e+00
4.584241211414337158e+00
4.856976419687271118e+00
4.069155454635620117e+00
4.480310529470443726e+00
3.974502831697463989e+00
4.605833441019058228e+00
4.369293600320816040e+00
4.574483931064605713e+00
4.750567823648452759e+00
3.795354217290878296e+00
4.624780714511871338e+00
4.410552084445953369e+00
4.353645741939544678e+00
4.761230647563934326e+00
4.470810592174530029e+00
4.150172472000122070e+00
4.245816767215728760e+00
4.250715225934982300e+00
4.503432214260101318e+00
4.619542360305786133e+00
4.421710968017578125e+00
4.747804701328277588e+00
4.333902895450592041e+00
4.688395559787750244e+00
4.086131751537322998e+00
4.460239708423614502e+00
4.628771692514419556e+00
4.713106304407119751e+00
4.265447258949279785e+00
4.062462598085403442e+00
4.107702821493148804e+00
4.502674788236618042e+00
3.868736624717712402e+00
4.096732735633850098e+00
4.025177955627441406e+00
3.789216279983520508e+00
4.488367736339569092e+00
3.544290214776992798e+00
4.633928239345550537e+00
4.687933325767517090e+00
4.053859710693359375e+00
4.535079449415206909e+00
4.522158205509185791e+00
3.766563981771469116e+00
4.602325558662414551e+00
4.678610712289810181e+00
3.891935050487518311e+00
4.596249312162399292e+00
4.368724375963211060e+00
4.831074476242065430e+00
4.391224384307861328e+00
4.054242223501205444e+00
4.208595454692840576e+00
4.088095128536224365e+00
3.737064003944396973e+00
4.506502747535705566e+00
4.109532982110977173e+00
3.955453932285308838e+00
4.760410785675048828e+00
3.890758454799652100e+00
4.289783835411071777e+00
4.411357343196868896e+00
4.253807961940765381e+00
4.917698800563812256e+00
4.352249503135681152e+00
4.732333719730377197e+00
4.614610075950622559e+00
4.180642217397689819e+00
4.548139274120330811e+00
3.124947659671306610e+00
4.271397292613983154e+00
4.554191976785659790e+00
4.202690273523330688e+00
4.247476309537887573e+00
4.699301123619079590e+00
3.916282951831817627e+00
4.589727520942687988e+00
4.583932757377624512e+00
3.363731428980827332e+00
4.572694450616836548e+00
4.877469688653945923e+00
3.849547207355499268e+00
4.457048177719116211e+00
4.568447172641754150e+00
4.674815684556961060e+00
4.119659960269927979e+00
4.610791951417922974e+00
4.166986197233200073e+00
3.930480033159255981e+00
4.053278714418411255e+00
4.223777204751968384e+00
4.786175489425659180e+00
4.531128108501434326e+00
4.332134872674942017e+00
4.287707656621932983e+00
4.566771686077117920e+00
4.775935560464859009e+00
3.818518966436386108e+00
4.542178362607955933e+00
4.808952063322067261e+00
4.530242532491683960e+00
4.002741128206253052e+00
4.235664010047912598e+00
4.091801643371582031e+00
4.308449774980545044e+00
4.666923731565475464e+00
4.217605441808700562e+00
4.329040944576263428e+00
4.669098258018493652e+00
4.459065645933151245e+00
4.676576852798461914e+00
4.574151784181594849e+00
4.399430304765701294e+00
3.984410464763641357e+00
4.555970877408981323e+00
4.132989943027496338e+00
4.425957053899765015e+00
4.553416073322296143e+00
4.840264469385147095e+00
4.096747785806655884e+00
4.910580366849899292e+00
3.962394446134567261e+00
4.026429802179336548e+00
4.078144133090972900e+00
3.702757731080055237e+00
4.099715352058410645e+00
4.858710467815399170e+00
4.398688673973083496e+00
4.325130283832550049e+00
4.774040430784225464e+00
4.411826431751251221e+00
4.444656819105148315e+00
4.316846430301666260e+00
3.895438462495803833e+00
4.428834468126296997e+00
4.160189479589462280e+00
3.774276077747344971e+00
4.897988289594650269e+00
3.889040797948837280e+00
4.818092584609985352e+00
4.011721462011337280e+00
4.577815383672714233e+00
4.161438792943954468e+00
4.202928990125656128e+00
4.815099388360977173e+00
4.663795977830886841e+00
4.232452660799026489e+00
4.232261031866073608e+00
3.969789445400238037e+00
4.074875712394714355e+00
3.826405555009841919e+00
4.460498541593551636e+00
4.441626965999603271e+00
4.699585437774658203e+00
4.551483392715454102e+00
4.580822288990020752e+00
4.542928189039230347e+00
4.331604242324829102e+00
4.540996402502059937e+00
3.695129677653312683e+00
4.318997859954833984e+00
4.319090396165847778e+00
4.627075046300888062e+00
4.278232455253601074e+00
4.714601188898086548e+00
4.097410589456558228e+00
4.027645885944366455e+00
3.540995791554450989e+00
4.562104195356369019e+00
3.801628500223159790e+00
4.181094914674758911e+00
4.429713189601898193e+00
4.490125924348831177e+00
4.679464995861053467e+00
3.870428949594497681e+00
4.609460979700088501e+00
4.257021099328994751e+00
4.531951993703842163e+00
4.674945175647735596e+00
4.629134237766265869e+00
4.057646691799163818e+00
4.010235667228698730e+00
4.304402619600296021e+00
4.003199040889739990e+00
4.646646082401275635e+00
4.300216585397720337e+00
4.023005217313766479e+00
4.269278794527053833e+00
4.412703067064285278e+00
4.507090598344802856e+00
3.712092190980911255e+00
4.482091218233108521e+00
4.019688665866851807e+00
4.755517095327377319e+00
4.402298033237457275e+00
4.282858669757843018e+00
3.963355571031570435e+00
4.327947199344635010e+00
4.255645126104354858e+00
4.024046659469604492e+00
4.394935518503189087e+00
4.578275233507156372e+00
4.090153872966766357e+00
4.809460043907165527e+00
3.234591633081436157e+00
4.706966876983642578e+00
4.442210644483566284e+00
4.464371353387832642e+00
3.944214880466461182e+00
4.521656185388565063e+00
4.160202592611312866e+00
4.560125768184661865e+00
4.315844029188156128e+00
3.555903211236000061e+00
3.961180895566940308e+00
4.159475862979888916e+00
3.530822843313217163e+00
4.564880281686782837e+00
4.597204476594924927e+00
4.764390736818313599e+00
3.440037742257118225e+00
3.977630883455276489e+00
4.312889575958251953e+00
4.299937784671783447e+00
3.939918875694274902e+00
4.316367357969284058e+00
4.199895560741424561e+00
4.359554648399353027e+00
4.901085346937179565e+00
4.653109312057495117e+00
4.489169418811798096e+00
4.365899115800857544e+00
4.269688427448272705e+00
4.884761571884155273e+00
4.871556609869003296e+00
4.988333284854888916e+00
4.725278168916702271e+00
4.634184539318084717e+00
4.898544549942016602e+00
4.927451014518737793e+00
4.999999850988388062e+00
4.228017628192901611e+00
4.648814648389816284e+00
4.200438857078552246e+00
5.000000298023223877e+00
4.766013324260711670e+00
4.160697013139724731e+00
4.575150161981582642e+00
4.969428926706314087e+00
4.734801352024078369e+00
4.469880461692810059e+00
4.990191608667373657e+00
4.940251410007476807e+00
4.413845688104629517e+00
4.927172213792800903e+00
4.613269120454788208e+00
4.657730162143707275e+00
4.981604516506195068e+00
4.182521104812622070e+00
4.742886126041412354e+00
3.591533973813056946e+00
4.607466459274291992e+00
4.360167086124420166e+00
4.825092256069183350e+00
4.775606095790863037e+00
4.580098986625671387e+00
4.873178601264953613e+00
4.524497687816619873e+00
4.705878794193267822e+00
4.492360949516296387e+00
4.605504870414733887e+00
4.543821960687637329e+00
4.837433695793151855e+00
4.661070853471755981e+00
4.828435778617858887e+00
3.606960847973823547e+00
4.379789233207702637e+00
4.364079982042312622e+00
4.411267489194869995e+00
4.703228175640106201e+00
4.464914947748184204e+00
4.609429836273193359e+00
4.158462882041931152e+00
4.727378487586975098e+00
4.496461600065231323e+00
4.411706328392028809e+00
4.797305911779403687e+00
4.512274563312530518e+00
4.270971715450286865e+00
4.645662754774093628e+00
4.951846897602081299e+00
4.824301153421401978e+00
4.667324274778366089e+00
4.717406332492828369e+00
4.294488430023193359e+00
4.499564766883850098e+00
4.031245112419128418e+00
4.882394671440124512e+00
4.484457522630691528e+00
4.615617394447326660e+00
3.876507282257080078e+00
4.263637214899063110e+00
4.916245043277740479e+00
4.748098850250244141e+00
4.917506724596023560e+00
4.966818243265151978e+00
4.883093982934951782e+00
4.897604882717132568e+00
4.820310920476913452e+00
4.208049476146697998e+00
4.281064718961715698e+00
4.541161805391311646e+00
4.115054011344909668e+00
4.541085362434387207e+00
4.507873803377151489e+00
4.436959028244018555e+00
4.264562726020812988e+00
4.279023408889770508e+00
3.933923691511154175e+00
3.848068565130233765e+00
4.353479295969009399e+00
4.821587800979614258e+00
4.940758645534515381e+00
4.462864100933074951e+00
4.364658147096633911e+00
4.646171182394027710e+00
4.363111704587936401e+00
4.382578134536743164e+00
4.371933639049530029e+00
4.806379973888397217e+00
4.754590690135955811e+00
3.691167607903480530e+00
4.380966573953628540e+00
4.784669280052185059e+00
4.900918900966644287e+00
4.975935518741607666e+00
4.713483452796936035e+00
4.926344752311706543e+00
4.626410305500030518e+00
4.939366579055786133e+00
4.480174630880355835e+00
4.131147414445877075e+00
4.028736501932144165e+00
4.201695621013641357e+00
4.525930285453796387e+00
4.663951247930526733e+00
4.524436891078948975e+00
4.526379853487014771e+00
3.812059313058853149e+00
4.026848375797271729e+00
4.911257624626159668e+00
4.581614285707473755e+00
4.246562421321868896e+00
4.110058099031448364e+00
4.203977286815643311e+00
4.493130594491958618e+00
4.881978332996368408e+00
4.748497009277343750e+00
4.837090969085693359e+00
3.990369290113449097e+00
4.782100319862365723e+00
4.398416131734848022e+00
4.776555746793746948e+00
4.774567037820816040e+00
4.762538373470306396e+00
4.534676373004913330e+00
4.343637228012084961e+00
4.222201406955718994e+00
4.689830541610717773e+00
4.800203144550323486e+00
4.826312214136123657e+00
4.240841418504714966e+00
4.770146310329437256e+00
4.640338867902755737e+00
4.279452860355377197e+00
4.793671965599060059e+00
4.599546045064926147e+00
3.791700601577758789e+00
4.858586937189102173e+00
4.859669059514999390e+00
3.932183533906936646e+00
4.381807595491409302e+00
4.875868558883666992e+00
4.400931298732757568e+00
4.829296320676803589e+00
4.463970661163330078e+00
4.790342897176742554e+00
4.552386850118637085e+00
4.735089242458343506e+00
4.780749827623367310e+00
4.599427133798599243e+00
4.636667221784591675e+00
4.828805178403854370e+00
4.810232073068618774e+00
4.873999655246734619e+00
4.652478694915771484e+00
4.899326711893081665e+00
4.950738698244094849e+00
4.256776422262191772e+00
4.151207059621810913e+00
4.466044008731842041e+00
4.394607394933700562e+00
4.700904041528701782e+00
4.745707511901855469e+00
4.313270002603530884e+00
4.503890275955200195e+00
4.526816159486770630e+00
4.859520941972732544e+00
4.612127095460891724e+00
4.870450645685195923e+00
4.563337415456771851e+00
4.647187143564224243e+00
4.327415376901626587e+00
4.350678026676177979e+00
4.064947515726089478e+00
4.622274637222290039e+00
4.176513105630874634e+00
4.467718899250030518e+00
4.710323363542556763e+00
4.018945246934890747e+00
4.397364407777786255e+00
4.333092421293258667e+00
4.683378487825393677e+00
4.167691171169281006e+00
4.395871311426162720e+00
4.527929574251174927e+00
3.688997402787208557e+00
4.375744611024856567e+00
4.332168996334075928e+00
4.883069097995758057e+00
4.201950430870056152e+00
4.310520589351654053e+00
4.339146167039871216e+00
4.626308828592300415e+00
4.367183595895767212e+00
4.665329605340957642e+00
4.562970548868179321e+00
4.605115056037902832e+00
4.567479491233825684e+00
4.527383446693420410e+00
4.291668832302093506e+00
4.445351809263229370e+00
4.463497102260589600e+00
4.038468450307846069e+00
4.688185453414916992e+00
4.632545113563537598e+00
4.321418255567550659e+00
4.686354547739028931e+00
4.051094055175781250e+00
4.663389623165130615e+00
4.600085616111755371e+00
4.652649909257888794e+00
4.454797804355621338e+00
4.513961225748062134e+00
4.366416484117507935e+00
4.731208682060241699e+00
4.208470433950424194e+00
3.535505905747413635e+00
4.450411051511764526e+00
4.452069550752639771e+00
4.520054906606674194e+00
4.542439877986907959e+00
4.597515314817428589e+00
4.730456173419952393e+00
4.398547857999801636e+00
4.115164428949356079e+00
4.226511120796203613e+00
4.128306657075881958e+00
4.748722016811370850e+00
4.450090378522872925e+00
4.931635707616806030e+00
4.545800536870956421e+00
4.372774213552474976e+00
4.843626618385314941e+00
4.687185436487197876e+00
4.500139057636260986e+00
4.681179970502853394e+00
4.637968838214874268e+00
4.732833355665206909e+00
4.028677493333816528e+00
4.273857623338699341e+00
4.534708708524703979e+00
4.539490640163421631e+00
3.620801791548728943e+00
4.734256863594055176e+00
4.481869041919708252e+00
4.811579585075378418e+00
4.373513311147689819e+00
4.691351056098937988e+00
3.679532483220100403e+00
4.529740363359451294e+00
4.888619631528854370e+00
4.761200845241546631e+00
4.786822944879531860e+00
4.412147998809814453e+00
3.950044214725494385e+00
4.304544180631637573e+00
4.858058840036392212e+00
4.579744935035705566e+00
4.474862813949584961e+00
4.324899017810821533e+00
4.402268826961517334e+00
4.664727300405502319e+00
4.746344685554504395e+00
3.614615350961685181e+00
4.600136280059814453e+00
4.439990073442459106e+00
4.476572126150131226e+00
4.258981794118881226e+00
4.797921180725097656e+00
4.533414393663406372e+00
4.557442665100097656e+00
3.500524684786796570e+00
3.913138061761856079e+00
4.496559202671051025e+00
4.931130111217498779e+00
4.866435527801513672e+00
4.558001309633255005e+00
4.653159976005554199e+00
4.422809630632400513e+00
4.536185264587402344e+00
4.644487500190734863e+00
4.125036001205444336e+00
4.552035033702850342e+00
4.711436778306961060e+00
4.743931293487548828e+00
4.263505190610885620e+00
4.664807021617889404e+00
4.866273105144500732e+00
4.140239804983139038e+00
4.457708299160003662e+00
4.650704115629196167e+00
4.080193191766738892e+00
3.788238465785980225e+00
3.972957134246826172e+00
4.573048353195190430e+00
4.036030769348144531e+00
4.713890552520751953e+00
4.616069793701171875e+00
4.398958683013916016e+00
4.323354661464691162e+00
4.287573397159576416e+00
4.377367794513702393e+00
4.248814284801483154e+00
4.825909882783889771e+00
4.388914555311203003e+00
3.678603395819664001e+00
3.623894453048706055e+00
4.831860959529876709e+00
4.527027010917663574e+00
4.179795980453491211e+00
4.563103169202804565e+00
4.082820862531661987e+00
4.675369113683700562e+00
4.466774463653564453e+00
4.509001076221466064e+00
3.988760113716125488e+00
4.641118645668029785e+00
4.522655457258224487e+00
4.133846163749694824e+00
4.708117544651031494e+00
4.563308954238891602e+00
4.403409212827682495e+00
4.670219421386718750e+00
4.779401123523712158e+00
3.783955723047256470e+00
4.016626179218292236e+00
4.581596553325653076e+00
4.820323735475540161e+00
4.297567158937454224e+00
4.495911002159118652e+00
4.479956626892089844e+00
4.430345296859741211e+00
4.519260525703430176e+00
4.792869240045547485e+00
4.937655031681060791e+00
4.048406183719635010e+00
4.257964342832565308e+00
3.902147412300109863e+00
4.363082349300384521e+00
4.658335894346237183e+00
4.559304565191268921e+00
4.109802991151809692e+00
4.818907082080841064e+00
4.190523475408554077e+00
4.703373461961746216e+00
4.149997979402542114e+00
4.279170632362365723e+00
4.290031194686889648e+00
4.407932311296463013e+00
3.985843807458877563e+00
4.648006707429885864e+00
4.827352166175842285e+00
4.173584431409835815e+00
4.496273845434188843e+00
3.859540820121765137e+00
4.575598984956741333e+00
4.475646018981933594e+00
4.158151745796203613e+00
3.490600436925888062e+00
4.438275098800659180e+00
4.672709107398986816e+00
4.045751839876174927e+00
4.018535763025283813e+00
4.291689842939376831e+00
3.025616072118282318e+00
4.509408921003341675e+00
4.546634554862976074e+00
4.288083314895629883e+00
4.463163763284683228e+00
4.133080542087554932e+00
4.117974042892456055e+00
4.462495595216751099e+00
4.368446767330169678e+00
4.027673751115798950e+00
3.663784414529800415e+00
4.189503192901611328e+00
3.891172260046005249e+00
4.437884837388992310e+00
4.757608771324157715e+00
4.318332821130752563e+00
3.711270540952682495e+00
3.610761240124702454e+00
4.387856423854827881e+00
4.003515690565109253e+00
4.086806476116180420e+00
4.502316266298294067e+00
4.230745136737823486e+00
4.301232397556304932e+00
4.220757782459259033e+00
4.710663259029388428e+00
4.160444885492324829e+00
3.896136134862899780e+00
4.234251528978347778e+00
4.825929403305053711e+00
4.752994477748870850e+00
3.446725979447364807e+00
4.275798499584197998e+00
3.714043423533439636e+00
4.569479078054428101e+00
4.094741791486740112e+00
3.735321015119552612e+00
3.866899758577346802e+00
4.421598762273788452e+00
3.753395229578018188e+00
3.879249989986419678e+00
4.501733779907226562e+00
3.813770860433578491e+00
4.091675579547882080e+00
4.855204373598098755e+00
3.497994020581245422e+00
4.899924546480178833e+00
4.559083580970764160e+00
3.614720106124877930e+00
4.561750143766403198e+00
4.085360616445541382e+00
4.755409806966781616e+00
3.919649124145507812e+00
4.329153746366500854e+00
3.611740320920944214e+00
4.264763295650482178e+00
4.319057315587997437e+00
4.292402267456054688e+00
4.530629217624664307e+00
3.420403525233268738e+00
3.870048820972442627e+00
4.337089955806732178e+00
3.939276933670043945e+00
4.126087278127670288e+00
4.032873213291168213e+00
4.255318641662597656e+00
4.638618677854537964e+00
4.424865394830703735e+00
4.108388572931289673e+00
4.270474612712860107e+00
4.354441463947296143e+00
4.654063880443572998e+00
4.259204268455505371e+00
4.539372622966766357e+00
4.664143025875091553e+00
3.998079299926757812e+00
4.695101976394653320e+00
3.979572802782058716e+00
3.961596786975860596e+00
4.439016282558441162e+00
4.339826107025146484e+00
3.899519592523574829e+00
4.809279888868331909e+00
4.148639887571334839e+00
4.453619420528411865e+00
3.637063577771186829e+00
4.320868551731109619e+00
4.612380862236022949e+00
3.519623503088951111e+00
4.196304827928543091e+00
3.309683427214622498e+00
4.664177000522613525e+00
4.336732178926467896e+00
4.161242246627807617e+00
4.509846270084381104e+00
4.346733987331390381e+00
3.397209122776985168e+00
3.491882234811782837e+00
4.285783618688583374e+00
4.426292181015014648e+00
4.471902698278427124e+00
3.899559825658798218e+00
4.078037887811660767e+00
4.267778694629669189e+00
4.180528074502944946e+00
3.873664140701293945e+00
3.991530388593673706e+00
4.574051350355148315e+00
4.433038830757141113e+00
4.214001148939132690e+00
4.597064405679702759e+00
4.598137438297271729e+00
4.558001309633255005e+00
3.617550581693649292e+00
3.920605629682540894e+00
3.320439159870147705e+00
3.854047358036041260e+00
4.554211497306823730e+00
3.540892675518989563e+00
3.919316232204437256e+00
3.875641375780105591e+00
4.367131888866424561e+00
3.434997573494911194e+00
4.091993719339370728e+00
4.753942042589187622e+00
4.725829362869262695e+00
4.394320398569107056e+00
3.805801272392272949e+00
3.817053139209747314e+00
4.110975116491317749e+00
4.155958741903305054e+00
3.347455188632011414e+00
3.613915070891380310e+00
4.009725600481033325e+00
4.239854365587234497e+00
3.004501275718212128e+00
4.139962941408157349e+00
4.470865130424499512e+00
3.293765038251876831e+00
2.678788118064403534e+00
4.025692492723464966e+00
3.633573204278945923e+00
3.255013898015022278e+00
3.901120424270629883e+00
3.518065437674522400e+00
4.312607645988464355e+00
3.843061178922653198e+00
4.029807895421981812e+00
4.002458602190017700e+00
4.088813066482543945e+00
4.049948006868362427e+00
3.633685484528541565e+00
3.397672623395919800e+00
4.712631702423095703e+00
4.582267999649047852e+00
4.061825871467590332e+00
3.806227296590805054e+00
4.543605148792266846e+00
4.242107123136520386e+00
4.211768507957458496e+00
3.529157936573028564e+00
4.394906759262084961e+00
3.930228203535079956e+00
4.534257650375366211e+00
4.200914651155471802e+00
4.313691109418869019e+00
3.323495239019393921e+00
4.020863175392150879e+00
3.879787474870681763e+00
3.403436392545700073e+00
4.271423369646072388e+00
4.177054017782211304e+00
3.836103081703186035e+00
3.661669194698333740e+00
3.679639846086502075e+00
3.777604550123214722e+00
4.495299905538558960e+00
3.811711817979812622e+00
4.447694271802902222e+00
4.141529500484466553e+00
4.499944746494293213e+00
4.514992982149124146e+00
3.676584511995315552e+00
4.249592870473861694e+00
4.074156880378723145e+00
4.190780669450759888e+00
3.739956393837928772e+00
4.011149257421493530e+00
3.748921900987625122e+00
4.001469463109970093e+00
3.573589473962783813e+00
4.147603213787078857e+00
3.466651812195777893e+00
3.728043287992477417e+00
4.133730232715606689e+00
4.183565527200698853e+00
3.905540555715560913e+00
4.017125368118286133e+00
4.262093901634216309e+00
3.860137164592742920e+00
3.967978507280349731e+00
4.390820711851119995e+00
4.156034290790557861e+00
4.151493608951568604e+00
3.732987269759178162e+00
4.185376912355422974e+00
3.335718363523483276e+00
3.710918575525283813e+00
4.295790493488311768e+00
4.100538790225982666e+00
4.486022889614105225e+00
3.765183538198471069e+00
3.865020722150802612e+00
3.875612616539001465e+00
3.632659241557121277e+00
4.002699702978134155e+00
3.949547111988067627e+00
4.405659735202789307e+00
4.271889626979827881e+00
3.734913170337677002e+00
3.227441161870956421e+00
4.041787236928939819e+00
4.042904376983642578e+00
4.449059367179870605e+00
4.104741960763931274e+00
4.457287043333053589e+00
4.286572784185409546e+00
4.208755046129226685e+00
3.681538328528404236e+00
3.970599174499511719e+00
3.967437148094177246e+00
3.474012613296508789e+00
4.195928424596786499e+00
3.842867761850357056e+00
3.725220263004302979e+00
4.333769828081130981e+00
3.946503996849060059e+00
3.540714979171752930e+00
3.424523472785949707e+00
4.419654309749603271e+00
3.228886947035789490e+00
4.214508086442947388e+00
3.656980469822883606e+00
4.110600203275680542e+00
4.225355237722396851e+00
3.932053297758102417e+00
3.556514605879783630e+00
3.722674250602722168e+00
4.423688799142837524e+00
4.120969325304031372e+00
4.321925193071365356e+00
3.917589187622070312e+00
4.340915232896804810e+00
4.002775549888610840e+00
4.231762140989303589e+00
3.832828998565673828e+00
4.008365720510482788e+00
4.249301403760910034e+00
3.740489482879638672e+00
3.911948651075363159e+00
3.912671506404876709e+00
4.087486118078231812e+00
3.923262953758239746e+00
4.398274570703506470e+00
3.782477676868438721e+00
3.683321401476860046e+00
3.773122429847717285e+00
4.713205546140670776e+00
3.391662910580635071e+00
4.358801990747451782e+00
4.291797280311584473e+00
3.990700244903564453e+00
3.246581777930259705e+00
4.434817433357238770e+00
4.540677219629287720e+00
4.586846232414245605e+00
4.404358267784118652e+00
3.748426362872123718e+00
4.279172569513320923e+00
4.294407665729522705e+00
3.679884150624275208e+00
4.589237570762634277e+00
3.590472042560577393e+00
3.265777155756950378e+00
3.322695717215538025e+00
3.963889479637145996e+00
4.056517928838729858e+00
3.548496365547180176e+00
4.412055462598800659e+00
3.683521822094917297e+00
4.432357698678970337e+00
4.101310074329376221e+00
3.994745761156082153e+00
4.300747066736221313e+00
3.829839229583740234e+00
3.377627283334732056e+00
3.827245533466339111e+00
3.754739314317703247e+00
3.478654399514198303e+00
4.024933576583862305e+00
4.554949104785919189e+00
3.560366779565811157e+00
4.029694348573684692e+00
3.700149953365325928e+00
3.787496238946914673e+00
3.219228833913803101e+00
4.538320600986480713e+00
4.039043337106704712e+00
3.788766115903854370e+00
4.401902407407760620e+00
4.011445045471191406e+00
3.872203081846237183e+00
2.874221727252006531e+00
3.547463044524192810e+00
4.620503634214401245e+00
3.130846098065376282e+00
3.729386404156684875e+00
3.655479699373245239e+00
3.815903812646865845e+00
3.977631032466888428e+00
3.416383042931556702e+00
4.447595328092575073e+00
3.876173943281173706e+00
4.581803530454635620e+00
4.479657411575317383e+00
3.311470448970794678e+00
