3.162727952003479004e+00
3.259024173021316528e+00
2.705444283783435822e+00
3.597315922379493713e+00
4.643647074699401855e+00
3.321541324257850647e+00
3.513694331049919128e+00
3.510116264224052429e+00
4.415617585182189941e+00
3.966119438409805298e+00
3.973459005355834961e+00
3.226833269000053406e+00
4.825946688652038574e+00
3.510033935308456421e+00
4.555894285440444946e+00
4.318747669458389282e+00
3.442427888512611389e+00
3.744421079754829407e+00
4.279213696718215942e+00
3.665540888905525208e+00
4.649992436170578003e+00
3.585449457168579102e+00
3.939450681209564209e+00
4.894263595342636108e+00
2.922841086983680725e+00
2.735056485980749130e+00
4.561180621385574341e+00
4.613315761089324951e+00
3.370081558823585510e+00
4.431072920560836792e+00
3.251196667551994324e+00
3.752264231443405151e+00
3.318767696619033813e+00
3.857609331607818604e+00
3.616042956709861755e+00
3.519207686185836792e+00
3.331810086965560913e+00
4.378698170185089111e+00
3.888565599918365479e+00
3.611938059329986572e+00
4.091794192790985107e+00
3.648389056324958801e+00
2.833813764154911041e+00
4.012056142091751099e+00
4.351373165845870972e+00
3.264945894479751587e+00
3.515017405152320862e+00
4.940889328718185425e+00
4.489377140998840332e+00
3.399819508194923401e+00
3.735571950674057007e+00
3.489835038781166077e+00
2.943987771868705750e+00
4.200888872146606445e+00
4.744497388601303101e+00
3.544060364365577698e+00
2.995418831706047058e+00
3.019675873219966888e+00
4.357246160507202148e+00
2.963703237473964691e+00
3.603626564145088196e+00
3.938828110694885254e+00
3.171826377511024475e+00
3.543710783123970032e+00
3.661714196205139160e+00
3.400717601180076599e+00
4.585693180561065674e+00
4.775670319795608521e+00
3.791507184505462646e+00
2.939738966524600983e+00
3.717263862490653992e+00
2.782641891390085220e+00
3.511025011539459229e+00
3.891422152519226074e+00
3.960655331611633301e+00
3.462605327367782593e+00
3.801869601011276245e+00
3.961025327444076538e+00
3.766758888959884644e+00
3.035635240375995636e+00
3.706644028425216675e+00
3.789374381303787231e+00
3.395301476120948792e+00
4.746638387441635132e+00
3.238984346389770508e+00
3.563840538263320923e+00
3.147825896739959717e+00
4.773249924182891846e+00
4.359652549028396606e+00
4.203138649463653564e+00
2.803223133087158203e+00
3.195481076836585999e+00
4.404839277267456055e+00
3.427719175815582275e+00
3.966185450553894043e+00
3.228080943226814270e+00
2.891794964671134949e+00
4.134771227836608887e+00
3.355358466506004333e+00
2.871817424893379211e+00
4.032523483037948608e+00
4.671892821788787842e+00
3.854435086250305176e+00
2.932122312486171722e+00
3.424559608101844788e+00
3.088677227497100830e+00
4.586698412895202637e+00
4.051420390605926514e+00
4.353324323892593384e+00
4.835430681705474854e+00
3.216673135757446289e+00
3.764340877532958984e+00
3.008629940450191498e+00
3.436204865574836731e+00
3.599093407392501831e+00
3.624871149659156799e+00
4.134306311607360840e+00
2.885581217706203461e+00
3.409463539719581604e+00
3.170369341969490051e+00
4.038723707199096680e+00
4.226090013980865479e+00
3.052210360765457153e+00
3.708375245332717896e+00
3.046398758888244629e+00
3.578823730349540710e+00
3.773092329502105713e+00
3.191470950841903687e+00
4.470657706260681152e+00
3.396093845367431641e+00
3.407682627439498901e+00
3.285472914576530457e+00
3.547420725226402283e+00
3.190296739339828491e+00
4.181512147188186646e+00
3.387890830636024475e+00
4.887367933988571167e+00
4.382789582014083862e+00
3.668121621012687683e+00
4.437895268201828003e+00
3.428468704223632812e+00
4.449497163295745850e+00
4.329118132591247559e+00
4.195140898227691650e+00
4.267631173133850098e+00
3.899456113576889038e+00
3.108957223594188690e+00
3.776152282953262329e+00
3.952385634183883667e+00
3.925169706344604492e+00
2.968722805380821228e+00
3.059680797159671783e+00
4.631302356719970703e+00
3.688984960317611694e+00
3.987855911254882812e+00
4.700154513120651245e+00
3.203113153576850891e+00
3.496259301900863647e+00
4.458305984735488892e+00
3.432983905076980591e+00
4.059551060199737549e+00
3.314905315637588501e+00
3.352035880088806152e+00
3.499421402812004089e+00
3.628873452544212341e+00
2.893916778266429901e+00
3.989344537258148193e+00
3.634051904082298279e+00
2.836555540561676025e+00
3.955312669277191162e+00
3.103998601436614990e+00
3.548012897372245789e+00
3.364906385540962219e+00
3.256566822528839111e+00
3.460933640599250793e+00
4.820628017187118530e+00
3.003716319799423218e+00
3.307925015687942505e+00
4.285665452480316162e+00
4.390681833028793335e+00
3.318997919559478760e+00
2.609436186030507088e+00
3.111587725579738617e+00
3.345083594322204590e+00
2.876613400876522064e+00
3.169161677360534668e+00
2.923968099057674408e+00
3.570204973220825195e+00
3.237626925110816956e+00
3.704074695706367493e+00
3.879882544279098511e+00
2.983088046312332153e+00
2.721275351941585541e+00
4.096121191978454590e+00
4.125621765851974487e+00
4.418471902608871460e+00
3.146160319447517395e+00
3.588406518101692200e+00
3.112109936773777008e+00
4.479596465826034546e+00
4.439926296472549438e+00
3.750107288360595703e+00
3.936616927385330200e+00
4.029961377382278442e+00
2.718576844781637192e+00
3.996020853519439697e+00
4.618508815765380859e+00
2.755345441401004791e+00
3.054040446877479553e+00
4.814203232526779175e+00
4.293366372585296631e+00
4.441037178039550781e+00
4.512688070535659790e+00
3.439996615052223206e+00
2.873218208551406860e+00
4.440785646438598633e+00
2.960753142833709717e+00
3.765059113502502441e+00
4.226452559232711792e+00
3.516414240002632141e+00
3.199087083339691162e+00
4.320159852504730225e+00
3.392430618405342102e+00
4.653240740299224854e+00
3.372747153043746948e+00
2.936374060809612274e+00
3.992852270603179932e+00
3.600230887532234192e+00
3.819510042667388916e+00
3.585984259843826294e+00
4.168705046176910400e+00
3.357291296124458313e+00
3.637883812189102173e+00
2.564133685082197189e+00
3.482296466827392578e+00
3.307025283575057983e+00
3.836211413145065308e+00
3.305200338363647461e+00
3.776922076940536499e+00
3.318880796432495117e+00
4.139026850461959839e+00
3.663112819194793701e+00
3.250596821308135986e+00
3.762157112360000610e+00
3.298984095454216003e+00
3.554424121975898743e+00
3.356455191969871521e+00
4.371985495090484619e+00
4.048412293195724487e+00
4.969733059406280518e+00
3.397490605711936951e+00
3.860000967979431152e+00
3.522896617650985718e+00
3.506600707769393921e+00
3.526438400149345398e+00
3.482060059905052185e+00
2.922770082950592041e+00
3.958655297756195068e+00
4.430854618549346924e+00
2.797438632696866989e+00
3.581970632076263428e+00
4.521160125732421875e+00
3.606653288006782532e+00
3.657519817352294922e+00
3.440510332584381104e+00
4.033412337303161621e+00
3.568164259195327759e+00
3.674992248415946960e+00
3.678194880485534668e+00
4.515678733587265015e+00
3.628458976745605469e+00
3.807642757892608643e+00
4.908357262611389160e+00
3.586150854825973511e+00
3.362585455179214478e+00
3.203466534614562988e+00
3.407989516854286194e+00
3.741352036595344543e+00
3.010441735386848450e+00
4.432129561901092529e+00
3.123706467449665070e+00
3.179427608847618103e+00
3.022801876068115234e+00
4.326043426990509033e+00
3.279667124152183533e+00
3.728552162647247314e+00
3.715973347425460815e+00
3.383061438798904419e+00
2.749559506773948669e+00
4.440884888172149658e+00
3.048742190003395081e+00
3.592317998409271240e+00
4.802086055278778076e+00
3.290244713425636292e+00
3.847134858369827271e+00
3.099826909601688385e+00
3.247883096337318420e+00
3.972600251436233521e+00
3.411608338356018066e+00
3.183533698320388794e+00
4.177554994821548462e+00
3.434911817312240601e+00
2.971403561532497406e+00
3.526071831583976746e+00
3.606982454657554626e+00
4.930194318294525146e+00
3.672928661108016968e+00
3.565106242895126343e+00
3.226265832781791687e+00
4.950196593999862671e+00
4.334652721881866455e+00
3.747364357113838196e+00
2.763082142919301987e+00
4.786668121814727783e+00
4.128331989049911499e+00
3.851184397935867310e+00
3.326986357569694519e+00
3.369470462203025818e+00
4.365233480930328369e+00
3.261334151029586792e+00
2.726574297994375229e+00
3.515233099460601807e+00
2.973707206547260284e+00
3.778373599052429199e+00
3.294608592987060547e+00
3.143604397773742676e+00
2.847691141068935394e+00
3.653952032327651978e+00
4.204251915216445923e+00
3.505927324295043945e+00
3.145773485302925110e+00
3.322666361927986145e+00
3.509998172521591187e+00
4.155127406120300293e+00
4.338057637214660645e+00
4.282717406749725342e+00
2.640099953860044479e+00
3.729477226734161377e+00
4.564647674560546875e+00
4.676926732063293457e+00
3.252667337656021118e+00
3.045156933367252350e+00
3.398157656192779541e+00
3.452347964048385620e+00
4.407705515623092651e+00
3.260297700762748718e+00
3.974282443523406982e+00
3.219407349824905396e+00
3.126809298992156982e+00
2.980657033622264862e+00
3.511261492967605591e+00
4.445986002683639526e+00
4.161470830440521240e+00
3.221513852477073669e+00
3.501143008470535278e+00
3.308063223958015442e+00
3.393357470631599426e+00
2.802823632955551147e+00
3.565060794353485107e+00
4.614523649215698242e+00
3.615366071462631226e+00
4.535060077905654907e+00
3.366984575986862183e+00
2.864972725510597229e+00
3.360880464315414429e+00
3.448062911629676819e+00
3.263130187988281250e+00
3.870408982038497925e+00
3.945239186286926270e+00
4.019866287708282471e+00
4.131744801998138428e+00
3.034469299018383026e+00
3.536360487341880798e+00
4.076794683933258057e+00
3.991898298263549805e+00
4.275597333908081055e+00
4.488648176193237305e+00
2.863660193979740143e+00
3.487564548850059509e+00
3.757596313953399658e+00
3.258062377572059631e+00
3.970594108104705811e+00
4.075817018747329712e+00
3.740486800670623779e+00
3.279524073004722595e+00
4.739057272672653198e+00
3.614272400736808777e+00
3.358731865882873535e+00
3.589004650712013245e+00
4.035726934671401978e+00
3.089152239263057709e+00
3.589804098010063171e+00
3.568382561206817627e+00
2.603202508762478828e+00
2.988789603114128113e+00
3.793350458145141602e+00
4.920961856842041016e+00
3.601902201771736145e+00
3.360271453857421875e+00
4.720659703016281128e+00
3.442583084106445312e+00
3.302302956581115723e+00
3.824583590030670166e+00
2.921722717583179474e+00
4.340913146734237671e+00
2.738404907286167145e+00
3.976576924324035645e+00
3.461729064583778381e+00
3.171708434820175171e+00
2.859634645283222198e+00
3.784290403127670288e+00
2.920155376195907593e+00
2.944807223975658417e+00
3.156203702092170715e+00
4.683557450771331787e+00
3.600316792726516724e+00
3.618906661868095398e+00
4.818902462720870972e+00
4.078976213932037354e+00
2.953980900347232819e+00
3.148186802864074707e+00
4.793546646833419800e+00
3.706217333674430847e+00
3.787917047739028931e+00
4.096858501434326172e+00
3.229941055178642273e+00
3.977622091770172119e+00
3.735252544283866882e+00
4.023762494325637817e+00
3.982307314872741699e+00
3.356801420450210571e+00
3.575203940272331238e+00
4.831103831529617310e+00
4.156927615404129028e+00
3.373715206980705261e+00
2.699474953114986420e+00
3.515115901827812195e+00
3.306524753570556641e+00
3.154432773590087891e+00
3.510038927197456360e+00
4.383157044649124146e+00
4.270053356885910034e+00
3.375638648867607117e+00
4.145056754350662231e+00
4.080120772123336792e+00
4.660991579294204712e+00
3.859420120716094971e+00
4.228498935699462891e+00
3.362823501229286194e+00
4.114802628755569458e+00
3.854863047599792480e+00
3.556376248598098755e+00
3.201436474919319153e+00
3.941617906093597412e+00
3.345607072114944458e+00
3.444890007376670837e+00
3.173538744449615479e+00
3.527400866150856018e+00
3.398715779185295105e+00
3.700423687696456909e+00
3.520986810326576233e+00
3.047776222229003906e+00
3.433176800608634949e+00
3.179549947381019592e+00
3.204339593648910522e+00
4.111625403165817261e+00
3.396040126681327820e+00
3.061683885753154755e+00
4.209108054637908936e+00
3.180568367242813110e+00
3.370960578322410583e+00
3.758484125137329102e+00
4.064887017011642456e+00
3.128062412142753601e+00
4.100207239389419556e+00
4.625064134597778320e+00
3.330005779862403870e+00
3.585480153560638428e+00
3.913886249065399170e+00
3.998536616563796997e+00
4.036802202463150024e+00
4.102163463830947876e+00
2.884026207029819489e+00
3.037597946822643280e+00
3.705025017261505127e+00
3.240394368767738342e+00
3.215497955679893494e+00
2.990746274590492249e+00
3.191396966576576233e+00
3.186554461717605591e+00
4.255256056785583496e+00
4.523661732673645020e+00
3.156960234045982361e+00
3.750392198562622070e+00
3.847782164812088013e+00
4.391925930976867676e+00
4.625349938869476318e+00
3.723144456744194031e+00
3.021180033683776855e+00
3.693249970674514771e+00
3.099221810698509216e+00
3.399268016219139099e+00
3.421560525894165039e+00
3.237328603863716125e+00
3.216243088245391846e+00
4.294023811817169189e+00
3.626652359962463379e+00
4.107225090265274048e+00
3.085682727396488190e+00
3.213030993938446045e+00
3.727928847074508667e+00
3.497367203235626221e+00
3.018533810973167419e+00
2.858479656279087067e+00
4.067889600992202759e+00
3.857662379741668701e+00
3.426437824964523315e+00
3.304192051291465759e+00
3.812988102436065674e+00
3.950330018997192383e+00
3.819191753864288330e+00
3.682860285043716431e+00
3.049998730421066284e+00
4.034781605005264282e+00
3.904588073492050171e+00
3.566284105181694031e+00
3.105390556156635284e+00
3.316281586885452271e+00
3.918184638023376465e+00
2.584500443190336227e+00
4.418172091245651245e+00
3.356142863631248474e+00
3.554237559437751770e+00
4.502970874309539795e+00
3.651615828275680542e+00
3.479165509343147278e+00
4.786558002233505249e+00
3.481123000383377075e+00
3.832680881023406982e+00
3.749930411577224731e+00
3.320683538913726807e+00
3.382794857025146484e+00
3.383943066000938416e+00
3.879315108060836792e+00
3.005542829632759094e+00
3.368896543979644775e+00
3.717595413327217102e+00
3.484916388988494873e+00
3.618333190679550171e+00
4.317974448204040527e+00
3.794661313295364380e+00
4.047908782958984375e+00
3.802306652069091797e+00
3.624706491827964783e+00
3.730149790644645691e+00
2.913903668522834778e+00
4.175139218568801880e+00
3.017117418348789215e+00
2.776351105421781540e+00
3.123387545347213745e+00
3.279038816690444946e+00
3.647905588150024414e+00
3.618730679154396057e+00
4.010726362466812134e+00
4.226778596639633179e+00
3.179400861263275146e+00
4.699812531471252441e+00
3.352128937840461731e+00
3.444093316793441772e+00
3.546805903315544128e+00
4.501682370901107788e+00
4.867196232080459595e+00
2.448998899199068546e+00
3.363663926720619202e+00
2.496312513831071556e+00
3.781705051660537720e+00
4.117065668106079102e+00
4.174152761697769165e+00
4.475526213645935059e+00
3.555224910378456116e+00
3.502171710133552551e+00
4.687802791595458984e+00
3.661533445119857788e+00
3.594161197543144226e+00
3.888794332742691040e+00
3.227326199412345886e+00
3.977553248405456543e+00
3.378948494791984558e+00
3.296991959214210510e+00
3.709395751357078552e+00
3.694177344441413879e+00
4.434808939695358276e+00
3.537661731243133545e+00
4.432858228683471680e+00
2.870251610875129700e+00
3.979725688695907593e+00
4.109642058610916138e+00
3.345440626144409180e+00
3.284561187028884888e+00
3.938970267772674561e+00
3.631145581603050232e+00
3.577778413891792297e+00
3.573530837893486023e+00
4.504986703395843506e+00
4.184788018465042114e+00
2.954904586076736450e+00
3.150409385561943054e+00
3.306510969996452332e+00
4.210362285375595093e+00
3.940479755401611328e+00
3.806821703910827637e+00
3.460812270641326904e+00
3.153547719120979309e+00
3.384264707565307617e+00
3.454564213752746582e+00
4.178374856710433960e+00
4.779536575078964233e+00
4.760906249284744263e+00
2.964787967503070831e+00
3.364524319767951965e+00
3.038243204355239868e+00
3.133029267191886902e+00
4.308874905109405518e+00
3.837963342666625977e+00
4.561162441968917847e+00
4.479021430015563965e+00
2.736671809107065201e+00
4.191150516271591187e+00
4.202242046594619751e+00
4.188852757215499878e+00
3.374774605035781860e+00
4.283769577741622925e+00
4.504865854978561401e+00
3.626914173364639282e+00
3.663811385631561279e+00
3.895686864852905273e+00
2.777369786053895950e+00
3.583109825849533081e+00
4.597945213317871094e+00
4.540530890226364136e+00
3.535662293434143066e+00
4.354932457208633423e+00
4.125569760799407959e+00
3.908738195896148682e+00
3.357674032449722290e+00
3.868784308433532715e+00
3.905457556247711182e+00
3.880884647369384766e+00
2.699504029005765915e+00
3.407469913363456726e+00
4.293338805437088013e+00
3.670190572738647461e+00
4.340603053569793701e+00
3.313801661133766174e+00
3.450980558991432190e+00
3.702884837985038757e+00
4.391645491123199463e+00
2.856496050953865051e+00
2.877621278166770935e+00
3.191300407052040100e+00
3.767179101705551147e+00
3.257909789681434631e+00
4.902858734130859375e+00
4.143003821372985840e+00
3.954092860221862793e+00
3.651461079716682434e+00
4.729781001806259155e+00
3.108996935188770294e+00
3.550940006971359253e+00
3.246122300624847412e+00
4.524761140346527100e+00
2.969220019876956940e+00
4.197470545768737793e+00
3.345614671707153320e+00
3.264113217592239380e+00
4.741196185350418091e+00
3.562255427241325378e+00
4.281385689973831177e+00
3.693371564149856567e+00
3.446522355079650879e+00
2.738323286175727844e+00
3.974269926548004150e+00
3.921690881252288818e+00
4.673336446285247803e+00
4.223645627498626709e+00
2.970169447362422943e+00
3.618013784289360046e+00
3.182912245392799377e+00
3.712214678525924683e+00
3.956793844699859619e+00
3.276541903614997864e+00
3.270818814635276794e+00
3.376263901591300964e+00
3.344377651810646057e+00
3.620676547288894653e+00
2.945420630276203156e+00
2.787673901766538620e+00
3.458961322903633118e+00
3.986814320087432861e+00
3.063478507101535797e+00
3.385111987590789795e+00
3.067980632185935974e+00
3.433890342712402344e+00
4.635809212923049927e+00
3.334564119577407837e+00
4.358728379011154175e+00
3.247883096337318420e+00
2.625831253826618195e+00
3.521820008754730225e+00
3.540774434804916382e+00
3.062890917062759399e+00
3.767251074314117432e+00
4.320309460163116455e+00
3.403735980391502380e+00
3.772079050540924072e+00
2.847494632005691528e+00
3.431138694286346436e+00
3.131193667650222778e+00
3.568036779761314392e+00
3.494639024138450623e+00
3.139744326472282410e+00
3.441836908459663391e+00
4.218359738588333130e+00
4.264249801635742188e+00
2.885833978652954102e+00
3.390553966164588928e+00
3.540774136781692505e+00
3.453837633132934570e+00
2.932543940842151642e+00
3.750825673341751099e+00
3.151884600520133972e+00
4.648954719305038452e+00
3.114944659173488617e+00
4.869230687618255615e+00
3.556155934929847717e+00
2.946479953825473785e+00
3.375293835997581482e+00
3.263479769229888916e+00
3.136919066309928894e+00
3.631187081336975098e+00
3.870530277490615845e+00
2.866682745516300201e+00
4.545515179634094238e+00
4.554560780525207520e+00
3.879754990339279175e+00
4.787087440490722656e+00
4.462306201457977295e+00
4.097348749637603760e+00
4.023422300815582275e+00
3.371530324220657349e+00
4.609176814556121826e+00
3.794277310371398926e+00
4.562971144914627075e+00
2.831771858036518097e+00
3.982717543840408325e+00
3.621564731001853943e+00
2.930692732334136963e+00
4.317221790552139282e+00
4.269980192184448242e+00
3.239450752735137939e+00
2.669440619647502899e+00
4.951034933328628540e+00
3.420638293027877808e+00
2.750860173255205154e+00
3.725758418440818787e+00
4.871043413877487183e+00
3.801649510860443115e+00
3.098117038607597351e+00
3.158177435398101807e+00
4.711508750915527344e+00
4.234701693058013916e+00
4.659412950277328491e+00
3.429274782538414001e+00
4.698725938796997070e+00
3.127187415957450867e+00
3.217261955142021179e+00
3.530581220984458923e+00
3.961802572011947632e+00
3.451265990734100342e+00
4.552125930786132812e+00
3.335031569004058838e+00
4.029662013053894043e+00
3.560957536101341248e+00
3.957924395799636841e+00
4.577822238206863403e+00
3.319470286369323730e+00
3.606362193822860718e+00
4.307359457015991211e+00
2.990151122212409973e+00
3.026740513741970062e+00
3.687413260340690613e+00
2.974915020167827606e+00
3.472259566187858582e+00
3.328711688518524170e+00
3.903514742851257324e+00
3.153493031859397888e+00
2.920432910323143005e+00
4.705387055873870850e+00
3.777065128087997437e+00
3.014346174895763397e+00
3.712924122810363770e+00
4.011562317609786987e+00
3.801031559705734253e+00
2.822762429714202881e+00
3.416547849774360657e+00
3.504010140895843506e+00
3.691070601344108582e+00
3.110650032758712769e+00
4.200236499309539795e+00
3.329947739839553833e+00
3.660984188318252563e+00
3.697276860475540161e+00
3.729514181613922119e+00
4.051675349473953247e+00
4.390122145414352417e+00
3.234239518642425537e+00
2.706070169806480408e+00
2.952622808516025543e+00
3.944647312164306641e+00
4.745762795209884644e+00
3.199812024831771851e+00
4.678632318973541260e+00
3.898684084415435791e+00
4.408769458532333374e+00
4.092400074005126953e+00
3.506400361657142639e+00
3.481965586543083191e+00
2.918299585580825806e+00
4.196275025606155396e+00
4.313380718231201172e+00
3.054828643798828125e+00
3.327355757355690002e+00
3.696999326348304749e+00
3.651619032025337219e+00
4.913728237152099609e+00
3.616560623049736023e+00
4.155728965997695923e+00
3.806967139244079590e+00
3.525981903076171875e+00
4.747801125049591064e+00
2.957576438784599304e+00
3.524383977055549622e+00
3.223235383629798889e+00
4.804197847843170166e+00
4.680848121643066406e+00
3.605776205658912659e+00
3.785358518362045288e+00
3.512146770954132080e+00
4.644804894924163818e+00
4.019402563571929932e+00
3.448168858885765076e+00
3.567329570651054382e+00
3.381930813193321228e+00
3.379465863108634949e+00
3.569354414939880371e+00
4.260069876909255981e+00
3.792603909969329834e+00
4.931353032588958740e+00
4.826963543891906738e+00
4.360953122377395630e+00
3.953440934419631958e+00
2.995043806731700897e+00
3.309917673468589783e+00
4.663202464580535889e+00
4.446763694286346436e+00
3.636712580919265747e+00
3.846460133790969849e+00
3.846793621778488159e+00
2.969234995543956757e+00
3.754979521036148071e+00
3.182758688926696777e+00
3.273861482739448547e+00
3.923958539962768555e+00
2.857175581157207489e+00
3.598623946309089661e+00
4.337136596441268921e+00
3.545834273099899292e+00
3.867806643247604370e+00
3.631336092948913574e+00
4.812994003295898438e+00
3.732527717947959900e+00
4.072752743959426880e+00
3.882322907447814941e+00
3.765730410814285278e+00
4.937669485807418823e+00
4.246589988470077515e+00
3.985258787870407104e+00
4.669279456138610840e+00
4.285883903503417969e+00
3.916384577751159668e+00
4.443173110485076904e+00
4.729231745004653931e+00
3.020433522760868073e+00
3.677028194069862366e+00
3.399189934134483337e+00
3.278035521507263184e+00
4.001400917768478394e+00
4.776496887207031250e+00
3.621504679322242737e+00
4.306753575801849365e+00
4.622112959623336792e+00
4.703490436077117920e+00
3.965848386287689209e+00
3.294872641563415527e+00
3.661853149533271790e+00
3.086158335208892822e+00
4.624618738889694214e+00
3.047535084187984467e+00
2.840269505977630615e+00
3.389157801866531372e+00
3.769953101873397827e+00
4.001347720623016357e+00
3.791262656450271606e+00
2.999796234071254730e+00
2.786417249590158463e+00
3.676851689815521240e+00
4.982932806015014648e+00
3.750036358833312988e+00
3.353080451488494873e+00
3.440854623913764954e+00
3.820426166057586670e+00
3.195586204528808594e+00
2.587318476289510727e+00
4.460932463407516479e+00
3.117261826992034912e+00
4.012641310691833496e+00
3.396674469113349915e+00
3.477728813886642456e+00
4.961875826120376587e+00
3.116539902985095978e+00
3.660565465688705444e+00
4.373740851879119873e+00
4.013886600732803345e+00
3.250010609626770020e+00
3.775243908166885376e+00
3.690500259399414062e+00
2.702038753777742386e+00
3.518801629543304443e+00
3.503036797046661377e+00
4.105193763971328735e+00
4.337292164564132690e+00
4.617313593626022339e+00
3.652153536677360535e+00
3.407682180404663086e+00
3.611479178071022034e+00
3.493919447064399719e+00
2.543960348702967167e+00
3.229696378111839294e+00
3.385111987590789795e+00
2.744727861136198044e+00
3.924775421619415283e+00
2.856462001800537109e+00
2.861283719539642334e+00
3.115059584379196167e+00
3.747738003730773926e+00
4.326619356870651245e+00
3.821672648191452026e+00
3.429157137870788574e+00
2.552513373084366322e+00
4.597945213317871094e+00
3.129943534731864929e+00
4.819612503051757812e+00
4.096365123987197876e+00
3.687230572104454041e+00
3.780145794153213501e+00
4.373749345541000366e+00
3.561204075813293457e+00
3.499539047479629517e+00
3.802806138992309570e+00
3.817654997110366821e+00
3.709304183721542358e+00
3.202981278300285339e+00
3.806307762861251831e+00
3.187777549028396606e+00
2.546323440037667751e+00
3.225816115736961365e+00
4.463468939065933228e+00
3.518082872033119202e+00
4.029298871755599976e+00
4.265523403882980347e+00
3.455115258693695068e+00
3.138299360871315002e+00
3.526233807206153870e+00
3.026931136846542358e+00
3.631320074200630188e+00
3.605878576636314392e+00
3.707344159483909607e+00
4.382496327161788940e+00
3.371613174676895142e+00
3.127988725900650024e+00
3.376169800758361816e+00
4.896056503057479858e+00
4.196652919054031372e+00
3.677693754434585571e+00
3.028965182602405548e+00
2.875054404139518738e+00
3.153680115938186646e+00
3.140579834580421448e+00
3.415131643414497375e+00
3.308881372213363647e+00
4.838687777519226074e+00
3.969050645828247070e+00
3.844216018915176392e+00
3.752343058586120605e+00
3.792467564344406128e+00
2.862954810261726379e+00
3.694782033562660217e+00
3.443799242377281189e+00
3.275275677442550659e+00
4.764979928731918335e+00
3.329051211476325989e+00
3.528765663504600525e+00
3.630356863141059875e+00
4.537443071603775024e+00
3.312664926052093506e+00
2.915207780897617340e+00
4.380041658878326416e+00
3.892043679952621460e+00
3.356878235936164856e+00
4.000522643327713013e+00
3.678733035922050476e+00
3.357479274272918701e+00
4.117021560668945312e+00
3.447022512555122375e+00
3.189460635185241699e+00
3.108146712183952332e+00
3.116514831781387329e+00
3.596310466527938843e+00
4.741680920124053955e+00
3.110658302903175354e+00
3.131809756159782410e+00
3.244495838880538940e+00
4.340157657861709595e+00
3.080542832612991333e+00
3.341593369841575623e+00
3.018500320613384247e+00
3.825424909591674805e+00
4.849275797605514526e+00
4.091531038284301758e+00
3.548354133963584900e+00
3.740112483501434326e+00
3.280918970704078674e+00
3.332874104380607605e+00
3.643969595432281494e+00
3.073782511055469513e+00
4.120549857616424561e+00
3.265910074114799500e+00
4.380721747875213623e+00
3.752131015062332153e+00
3.936721980571746826e+00
3.453344926238059998e+00
3.753615170717239380e+00
3.129839897155761719e+00
3.647373989224433899e+00
3.032027930021286011e+00
3.239409327507019043e+00
3.425444439053535461e+00
4.404121935367584229e+00
3.401189222931861877e+00
3.387561440467834473e+00
4.576208740472793579e+00
3.657347857952117920e+00
3.756678253412246704e+00
3.424631059169769287e+00
4.440414607524871826e+00
3.373451083898544312e+00
2.977654039859771729e+00
4.488178789615631104e+00
3.957808613777160645e+00
4.049910902976989746e+00
3.862405419349670410e+00
3.285627961158752441e+00
4.175276309251785278e+00
4.447205513715744019e+00
3.970386385917663574e+00
4.188856482505798340e+00
3.923672735691070557e+00
3.292584419250488281e+00
3.493172302842140198e+00
2.864149510860443115e+00
3.908738195896148682e+00
2.817341759800910950e+00
4.265848994255065918e+00
3.728021830320358276e+00
4.240743517875671387e+00
3.690797537565231323e+00
3.458967506885528564e+00
3.676904812455177307e+00
4.414763748645782471e+00
3.839973062276840210e+00
3.174455165863037109e+00
3.003968261182308197e+00
2.859060727059841156e+00
3.336666822433471680e+00
3.860420584678649902e+00
3.124109990894794464e+00
4.639141857624053955e+00
4.028331786394119263e+00
4.724235832691192627e+00
3.351371884346008301e+00
2.967770360410213470e+00
3.088965527713298798e+00
4.623406827449798584e+00
4.438103437423706055e+00
2.965526841580867767e+00
3.589456751942634583e+00
3.094503469765186310e+00
2.833067625761032104e+00
4.574364274740219116e+00
4.143827408552169800e+00
3.168234601616859436e+00
3.914059847593307495e+00
3.766013234853744507e+00
3.691720291972160339e+00
3.924775421619415283e+00
4.619159549474716187e+00
4.287749379873275757e+00
3.049813620746135712e+00
2.924925610423088074e+00
3.876975923776626587e+00
3.142302706837654114e+00
4.332971274852752686e+00
4.441270232200622559e+00
3.107350543141365051e+00
4.409348368644714355e+00
3.995899409055709839e+00
3.577241152524948120e+00
3.825740069150924683e+00
3.001236654818058014e+00
4.354320466518402100e+00
3.592977896332740784e+00
3.346503451466560364e+00
3.937968164682388306e+00
3.834978193044662476e+00
3.289553746581077576e+00
3.917424827814102173e+00
2.890289761126041412e+00
3.467882350087165833e+00
2.930605262517929077e+00
3.033602833747863770e+00
3.849959075450897217e+00
3.400978669524192810e+00
3.479288592934608459e+00
3.860477060079574585e+00
2.718784809112548828e+00
4.090347290039062500e+00
3.575515076518058777e+00
3.615421354770660400e+00
4.695005267858505249e+00
3.632858544588088989e+00
3.039992526173591614e+00
4.208752661943435669e+00
3.044368848204612732e+00
3.282676041126251221e+00
3.365824222564697266e+00
3.857329785823822021e+00
3.599317595362663269e+00
3.293711096048355103e+00
4.229135811328887939e+00
3.556176945567131042e+00
3.456591144204139709e+00
2.908298261463642120e+00
4.186410754919052124e+00
4.772648960351943970e+00
4.158712625503540039e+00
2.771973069757223129e+00
2.886965237557888031e+00
3.286214321851730347e+00
4.343037307262420654e+00
4.436846375465393066e+00
3.119770102202892303e+00
3.344295844435691833e+00
3.565529137849807739e+00
3.054464086890220642e+00
4.689464271068572998e+00
3.731026947498321533e+00
3.155790269374847412e+00
4.347387552261352539e+00
3.961256891489028931e+00
2.760879136621952057e+00
3.286443352699279785e+00
3.551409468054771423e+00
2.777022849768400192e+00
3.150434941053390503e+00
2.933632917702198029e+00
3.658102974295616150e+00
3.599870875477790833e+00
3.906026780605316162e+00
3.321635574102401733e+00
3.308365345001220703e+00
2.899911999702453613e+00
4.943577200174331665e+00
3.932429552078247070e+00
4.896997213363647461e+00
4.219131916761398315e+00
3.509410992264747620e+00
4.401680529117584229e+00
4.292392879724502563e+00
4.350968003273010254e+00
4.063507169485092163e+00
3.266048878431320190e+00
3.220003992319107056e+00
4.758140593767166138e+00
3.775444477796554565e+00
4.722418040037155151e+00
3.624437823891639709e+00
4.251699298620223999e+00
3.670148923993110657e+00
4.145193397998809814e+00
3.076192773878574371e+00
4.179503917694091797e+00
4.044766128063201904e+00
3.468573689460754395e+00
4.405338615179061890e+00
4.076226800680160522e+00
3.730173707008361816e+00
3.491897955536842346e+00
4.261184483766555786e+00
4.923889786005020142e+00
4.033570289611816406e+00
4.098759144544601440e+00
3.831856101751327515e+00
3.572763502597808838e+00
2.886427231132984161e+00
3.240832984447479248e+00
4.203755110502243042e+00
3.625155985355377197e+00
3.963860273361206055e+00
4.139350801706314087e+00
3.328688740730285645e+00
4.010615646839141846e+00
4.361670017242431641e+00
3.217255696654319763e+00
3.096765018999576569e+00
3.463320210576057434e+00
3.352684602141380310e+00
3.092947974801063538e+00
3.654463291168212891e+00
3.529015481472015381e+00
4.657806754112243652e+00
3.410453796386718750e+00
3.876601606607437134e+00
4.262954294681549072e+00
2.793629653751850128e+00
2.825800739228725433e+00
3.995343297719955444e+00
4.917235970497131348e+00
4.341091811656951904e+00
3.176067098975181580e+00
2.750129047781229019e+00
4.791337847709655762e+00
3.053813092410564423e+00
3.187148645520210266e+00
3.720436245203018188e+00
3.207105100154876709e+00
3.091637082397937775e+00
3.380849733948707581e+00
4.198642969131469727e+00
3.984639495611190796e+00
3.028904125094413757e+00
2.706081215292215347e+00
4.661339223384857178e+00
4.484683126211166382e+00
3.598839938640594482e+00
3.268284872174263000e+00
2.910141311585903168e+00
3.070051707327365875e+00
3.371177315711975098e+00
3.384617120027542114e+00
4.798841774463653564e+00
3.896199017763137817e+00
2.711218390613794327e+00
3.717193305492401123e+00
3.963884562253952026e+00
3.250740766525268555e+00
3.965319842100143433e+00
4.582988172769546509e+00
2.880677916109561920e+00
4.292793571949005127e+00
4.224598407745361328e+00
2.629801239818334579e+00
4.269233345985412598e+00
2.863184809684753418e+00
3.514887988567352295e+00
3.799398690462112427e+00
3.317339420318603516e+00
3.626658618450164795e+00
3.152970597147941589e+00
3.789572268724441528e+00
3.173111528158187866e+00
4.733775556087493896e+00
3.084370940923690796e+00
3.149579316377639771e+00
3.412195667624473572e+00
3.730900585651397705e+00
3.530426621437072754e+00
3.047281615436077118e+00
2.624763567000627518e+00
3.021050468087196350e+00
3.859431594610214233e+00
4.150948673486709595e+00
4.497903287410736084e+00
4.215702712535858154e+00
3.045639246702194214e+00
3.850777149200439453e+00
3.651948869228363037e+00
2.759943809360265732e+00
3.579391837120056152e+00
3.555187433958053589e+00
2.887299694120883942e+00
3.431890532374382019e+00
3.859364986419677734e+00
3.422411307692527771e+00
4.339164942502975464e+00
3.399560824036598206e+00
3.770252913236618042e+00
3.286220580339431763e+00
4.429089576005935669e+00
4.099501669406890869e+00
4.503877311944961548e+00
3.833838254213333130e+00
4.612852632999420166e+00
4.306078553199768066e+00
4.250136017799377441e+00
3.681872561573982239e+00
4.262752681970596313e+00
3.833917528390884399e+00
4.534178078174591064e+00
3.631291389465332031e+00
3.518527224659919739e+00
3.896474987268447876e+00
3.491524010896682739e+00
2.798645868897438049e+00
3.207021951675415039e+00
4.155297428369522095e+00
2.684853468090295792e+00
3.997718393802642822e+00
4.556328058242797852e+00
4.129596948623657227e+00
3.756302446126937866e+00
3.544676527380943298e+00
4.763207733631134033e+00
3.776642978191375732e+00
3.269497156143188477e+00
3.785877376794815063e+00
3.323404788970947266e+00
4.366244226694107056e+00
4.059323072433471680e+00
3.282335400581359863e+00
4.035205245018005371e+00
3.234351649880409241e+00
3.310813754796981812e+00
4.027353525161743164e+00
4.193320274353027344e+00
3.533117324113845825e+00
4.540785998106002808e+00
3.390995487570762634e+00
3.300651982426643372e+00
4.339232295751571655e+00
3.007193282246589661e+00
4.711861014366149902e+00
2.966065220534801483e+00
3.055739775300025940e+00
3.669473901391029358e+00
3.580280691385269165e+00
3.590122088789939880e+00
3.839670568704605103e+00
4.053958505392074585e+00
4.673346877098083496e+00
3.735962808132171631e+00
3.625494986772537231e+00
4.038745909929275513e+00
3.678953796625137329e+00
2.777058929204940796e+00
3.540705516934394836e+00
3.363733366131782532e+00
2.680168263614177704e+00
4.004941582679748535e+00
3.730315268039703369e+00
4.137099236249923706e+00
3.508358076214790344e+00
4.166565835475921631e+00
4.661171734333038330e+00
4.702601283788681030e+00
4.462019503116607666e+00
4.759359657764434814e+00
4.951117336750030518e+00
4.977540373802185059e+00
3.715541735291481018e+00
3.705272525548934937e+00
3.670246303081512451e+00
4.558856040239334106e+00
4.013636112213134766e+00
4.757428169250488281e+00
4.264022260904312134e+00
3.663696497678756714e+00
4.624675363302230835e+00
3.820610791444778442e+00
2.812503911554813385e+00
3.398173004388809204e+00
4.287999868392944336e+00
4.153147935867309570e+00
3.621603846549987793e+00
4.841699898242950439e+00
4.331520348787307739e+00
4.070605784654617310e+00
2.729831263422966003e+00
4.530091732740402222e+00
2.914023473858833313e+00
2.787622958421707153e+00
3.864749670028686523e+00
2.970686294138431549e+00
2.703266758471727371e+00
2.823522649705410004e+00
3.501481935381889343e+00
2.863606959581375122e+00
4.167463779449462891e+00
3.250204920768737793e+00
3.272126168012619019e+00
3.174687549471855164e+00
3.019265905022621155e+00
3.238490521907806396e+00
4.014302790164947510e+00
2.936529703438282013e+00
4.132368564605712891e+00
4.502827972173690796e+00
3.426406532526016235e+00
3.890156596899032593e+00
4.080356806516647339e+00
4.231808781623840332e+00
3.085993863642215729e+00
3.397858589887619019e+00
3.926184028387069702e+00
4.148706942796707153e+00
3.862944096326828003e+00
4.412643164396286011e+00
4.197705388069152832e+00
3.605050444602966309e+00
3.758739382028579712e+00
3.252140730619430542e+00
4.787097573280334473e+00
3.586859256029129028e+00
4.753895103931427002e+00
3.505278751254081726e+00
4.509984999895095825e+00
4.444458037614822388e+00
4.256587326526641846e+00
3.037993572652339935e+00
3.439386188983917236e+00
3.365264758467674255e+00
3.067973107099533081e+00
3.296903818845748901e+00
3.636946305632591248e+00
3.885694295167922974e+00
3.219240978360176086e+00
3.331633508205413818e+00
3.983708322048187256e+00
3.384421914815902710e+00
2.712397966533899307e+00
3.914327472448348999e+00
4.137882739305496216e+00
3.514750972390174866e+00
3.751326799392700195e+00
4.000804573297500610e+00
3.611190021038055420e+00
3.515519201755523682e+00
4.081997722387313843e+00
3.490429073572158813e+00
3.747501373291015625e+00
3.259077221155166626e+00
3.809410482645034790e+00
3.055639825761318207e+00
3.368716761469841003e+00
4.231955409049987793e+00
4.364855587482452393e+00
4.175519943237304688e+00
3.992374092340469360e+00
4.543703943490982056e+00
4.716175645589828491e+00
3.057764247059822083e+00
3.597800210118293762e+00
3.253393322229385376e+00
4.233903437852859497e+00
3.628300949931144714e+00
2.886726669967174530e+00
3.773354589939117432e+00
3.161262497305870056e+00
3.765101134777069092e+00
3.576317206025123596e+00
3.225118070840835571e+00
3.514556437730789185e+00
4.459508210420608521e+00
3.871427625417709351e+00
3.245271742343902588e+00
4.028184711933135986e+00
3.028884157538414001e+00
4.139039814472198486e+00
3.451580181717872620e+00
3.085422813892364502e+00
3.837340623140335083e+00
3.898875266313552856e+00
3.000906184315681458e+00
3.075970634818077087e+00
3.031339757144451141e+00
4.320901930332183838e+00
3.346562609076499939e+00
3.618656024336814880e+00
3.496404811739921570e+00
2.875938937067985535e+00
3.848736435174942017e+00
4.699812531471252441e+00
3.832941353321075439e+00
3.530032187700271606e+00
3.190851882100105286e+00
4.149563610553741455e+00
4.773304015398025513e+00
3.831759393215179443e+00
3.067091405391693115e+00
2.572582489810883999e+00
4.734507650136947632e+00
3.744010552763938904e+00
4.388136267662048340e+00
2.995513156056404114e+00
4.760982841253280640e+00
3.681886345148086548e+00
3.891114890575408936e+00
3.633681908249855042e+00
4.106471836566925049e+00
3.513361662626266479e+00
3.030708841979503632e+00
3.034175336360931396e+00
3.564429357647895813e+00
4.357081055641174316e+00
3.760737627744674683e+00
3.834980726242065430e+00
3.485443517565727234e+00
3.410475552082061768e+00
4.469982832670211792e+00
3.413918316364288330e+00
3.790985196828842163e+00
4.337960630655288696e+00
3.293811827898025513e+00
3.487017005681991577e+00
3.770772665739059448e+00
3.656815439462661743e+00
4.004629254341125488e+00
3.955835998058319092e+00
3.759493976831436157e+00
3.568057119846343994e+00
3.146109282970428467e+00
4.616105258464813232e+00
3.939404636621475220e+00
3.236225843429565430e+00
4.870866537094116211e+00
3.419222682714462280e+00
3.280275389552116394e+00
3.551240041851997375e+00
3.515396341681480408e+00
3.642396032810211182e+00
3.469623401761054993e+00
3.444892987608909607e+00
2.940372042357921600e+00
3.680834546685218811e+00
4.854177683591842651e+00
3.824375718832015991e+00
4.384040236473083496e+00
3.889532685279846191e+00
