4.448011964559555054e+00
4.513662308454513550e+00
4.615013450384140015e+00
3.918020725250244141e+00
4.851941019296646118e+00
4.444744884967803955e+00
4.883884340524673462e+00
3.843882083892822266e+00
4.940089583396911621e+00
4.589671194553375244e+00
4.423981606960296631e+00
4.540417790412902832e+00
4.676658213138580322e+00
4.112170189619064331e+00
4.549615085124969482e+00
4.273248463869094849e+00
4.304136484861373901e+00
4.686858952045440674e+00
4.213768988847732544e+00
4.557343274354934692e+00
4.170920252799987793e+00
4.420671314001083374e+00
4.011292457580566406e+00
4.973275810480117798e+00
4.847774058580398560e+00
4.165404140949249268e+00
3.771665990352630615e+00
4.452001750469207764e+00
3.758738934993743896e+00
4.157234877347946167e+00
4.360068291425704956e+00
4.019539952278137207e+00
4.744110703468322754e+00
4.052982181310653687e+00
4.120787084102630615e+00
4.641849994659423828e+00
4.009816199541091919e+00
3.736843094229698181e+00
4.622977972030639648e+00
4.474498033523559570e+00
4.623576551675796509e+00
3.923686295747756958e+00
3.752718716859817505e+00
3.943499177694320679e+00
3.965838849544525146e+00
3.696189373731613159e+00
3.892144113779067993e+00
4.566562771797180176e+00
4.661619067192077637e+00
4.547716230154037476e+00
4.344687163829803467e+00
4.212463647127151489e+00
4.175371527671813965e+00
4.447291940450668335e+00
4.644138664007186890e+00
4.774871915578842163e+00
4.750284850597381592e+00
4.240994900465011597e+00
4.293690919876098633e+00
4.326810538768768311e+00
4.488371163606643677e+00
4.530845135450363159e+00
3.951911330223083496e+00
4.573117047548294067e+00
4.154903888702392578e+00
3.630336821079254150e+00
4.325047880411148071e+00
4.345356076955795288e+00
4.221210479736328125e+00
4.435887932777404785e+00
4.149788618087768555e+00
3.650294840335845947e+00
4.550136774778366089e+00
3.916100710630416870e+00
3.756261318922042847e+00
4.333196431398391724e+00
4.582040309906005859e+00
4.313906133174896240e+00
3.942233920097351074e+00
3.965952843427658081e+00
4.609902799129486084e+00
4.275899529457092285e+00
4.002388268709182739e+00
4.717912673950195312e+00
4.329471886157989502e+00
4.234407693147659302e+00
4.355467110872268677e+00
4.546176642179489136e+00
4.722066521644592285e+00
4.625108987092971802e+00
4.406595230102539062e+00
3.978564143180847168e+00
4.384233206510543823e+00
4.733022153377532959e+00
3.587113693356513977e+00
4.846893697977066040e+00
4.345163851976394653e+00
4.691800028085708618e+00
3.930201381444931030e+00
4.205661565065383911e+00
4.597923755645751953e+00
4.853798300027847290e+00
4.196156412363052368e+00
4.802691787481307983e+00
3.695134893059730530e+00
4.131645262241363525e+00
4.616616666316986084e+00
4.676056057214736938e+00
4.160611331462860107e+00
4.325280487537384033e+00
4.421814233064651489e+00
4.790957123041152954e+00
3.885053694248199463e+00
3.962107449769973755e+00
3.753111660480499268e+00
4.418931156396865845e+00
4.466096162796020508e+00
4.029873162508010864e+00
4.636427462100982666e+00
4.738947302103042603e+00
4.824027866125106812e+00
4.496161192655563354e+00
4.051864892244338989e+00
4.396753758192062378e+00
4.426444768905639648e+00
4.374054670333862305e+00
3.993913680315017700e+00
4.372143596410751343e+00
4.557236135005950928e+00
4.108175486326217651e+00
3.961310237646102905e+00
4.241049289703369141e+00
4.701105356216430664e+00
3.604175597429275513e+00
4.659288674592971802e+00
4.529297947883605957e+00
4.814052134752273560e+00
4.143230020999908447e+00
3.558316752314567566e+00
4.759898930788040161e+00
4.472158104181289673e+00
4.294898211956024170e+00
4.246270060539245605e+00
4.988557398319244385e+00
4.322482198476791382e+00
4.455086141824722290e+00
3.756680190563201904e+00
3.929591476917266846e+00
4.897613227367401123e+00
4.683292359113693237e+00
4.846798032522201538e+00
4.216900318861007690e+00
4.658440798521041870e+00
3.999718278646469116e+00
4.553653150796890259e+00
4.099386036396026611e+00
4.025107026100158691e+00
3.777119219303131104e+00
4.398957639932632446e+00
4.245934337377548218e+00
4.303067773580551147e+00
4.587930440902709961e+00
4.338928610086441040e+00
4.045085906982421875e+00
4.852052778005599976e+00
4.088514596223831177e+00
4.655431807041168213e+00
4.420484155416488647e+00
4.387309849262237549e+00
3.743894323706626892e+00
4.124711453914642334e+00
4.474977403879165649e+00
4.198998957872390747e+00
4.469779580831527710e+00
4.764097929000854492e+00
4.653768837451934814e+00
4.635652154684066772e+00
4.057383239269256592e+00
4.687713384628295898e+00
4.899247586727142334e+00
4.474883526563644409e+00
4.572907835245132446e+00
4.226243346929550171e+00
4.717087745666503906e+00
4.700505584478378296e+00
3.494132384657859802e+00
4.310671091079711914e+00
4.672139883041381836e+00
4.364149421453475952e+00
4.713303446769714355e+00
4.170375466346740723e+00
3.752307444810867310e+00
4.409990459680557251e+00
4.270928502082824707e+00
4.189872741699218750e+00
3.881620764732360840e+00
4.600084125995635986e+00
3.819112181663513184e+00
4.023632854223251343e+00
4.415554255247116089e+00
4.596581906080245972e+00
4.377909749746322632e+00
4.658439159393310547e+00
4.538970589637756348e+00
4.256963133811950684e+00
3.792787939310073853e+00
4.789638072252273560e+00
4.138999134302139282e+00
4.684166759252548218e+00
4.713731706142425537e+00
4.556882679462432861e+00
3.947220146656036377e+00
4.561470448970794678e+00
3.837744891643524170e+00
4.398525357246398926e+00
4.594394117593765259e+00
3.773811161518096924e+00
4.198087006807327271e+00
4.579049199819564819e+00
4.627191573381423950e+00
4.403755366802215576e+00
4.785182178020477295e+00
4.306888580322265625e+00
4.224005788564682007e+00
4.611861407756805420e+00
4.617633372545242310e+00
3.967164903879165649e+00
3.829504847526550293e+00
4.640561789274215698e+00
4.551742523908615112e+00
4.600600451231002808e+00
4.087900966405868530e+00
3.906954824924468994e+00
4.404512196779251099e+00
4.277229607105255127e+00
4.439118355512619019e+00
3.804945051670074463e+00
4.217861890792846680e+00
3.864938616752624512e+00
4.342635869979858398e+00
3.923877179622650146e+00
4.208000451326370239e+00
4.702920317649841309e+00
4.565385431051254272e+00
4.122243523597717285e+00
3.929835706949234009e+00
4.245907068252563477e+00
4.958824217319488525e+00
4.558498561382293701e+00
4.332347810268402100e+00
4.056216180324554443e+00
4.810287207365036011e+00
4.315473735332489014e+00
4.616140276193618774e+00
4.376230984926223755e+00
4.350794702768325806e+00
4.215108752250671387e+00
4.368024021387100220e+00
4.646549373865127563e+00
4.057883769273757935e+00
4.461503028869628906e+00
4.842610359191894531e+00
3.719572573900222778e+00
4.314720183610916138e+00
4.855733662843704224e+00
4.280303269624710083e+00
3.765891343355178833e+00
4.414267987012863159e+00
4.083235114812850952e+00
4.611112773418426514e+00
3.896798640489578247e+00
4.053516536951065063e+00
4.775568097829818726e+00
4.451853632926940918e+00
4.038720875978469849e+00
4.181447476148605347e+00
4.645017832517623901e+00
4.524743556976318359e+00
3.836504369974136353e+00
4.833673238754272461e+00
4.656936675310134888e+00
4.301584511995315552e+00
4.322878718376159668e+00
3.479139134287834167e+00
4.284999519586563110e+00
3.619334548711776733e+00
3.977605998516082764e+00
4.591210186481475830e+00
4.141713082790374756e+00
4.310654550790786743e+00
3.942477107048034668e+00
4.594025909900665283e+00
4.626051336526870728e+00
4.704867750406265259e+00
4.231010079383850098e+00
3.980818241834640503e+00
4.082088172435760498e+00
4.544383734464645386e+00
4.005678147077560425e+00
4.807953983545303345e+00
4.504356980323791504e+00
4.343776404857635498e+00
4.487788379192352295e+00
4.471468925476074219e+00
4.648226499557495117e+00
4.119126945734024048e+00
4.119314998388290405e+00
4.363242834806442261e+00
4.305643290281295776e+00
4.568213671445846558e+00
4.556794017553329468e+00
3.808775991201400757e+00
4.904002994298934937e+00
3.671500682830810547e+00
4.020358920097351074e+00
4.255199879407882690e+00
4.843643605709075928e+00
4.463113546371459961e+00
4.013161659240722656e+00
4.738136678934097290e+00
4.504951089620590210e+00
3.800328820943832397e+00
4.143619835376739502e+00
4.649789631366729736e+00
3.888962566852569580e+00
4.653127640485763550e+00
4.577439129352569580e+00
4.383982867002487183e+00
4.236059486865997314e+00
4.539882540702819824e+00
4.369297027587890625e+00
4.554695039987564087e+00
4.481728374958038330e+00
4.807920306921005249e+00
4.776338636875152588e+00
4.444367736577987671e+00
4.439236670732498169e+00
4.374033063650131226e+00
3.717086091637611389e+00
4.571862369775772095e+00
4.621356129646301270e+00
4.146232306957244873e+00
4.297835528850555420e+00
3.965129703283309937e+00
3.979443609714508057e+00
4.693233668804168701e+00
4.316336810588836670e+00
4.201044291257858276e+00
4.528247565031051636e+00
4.815531075000762939e+00
4.484627097845077515e+00
4.740435034036636353e+00
4.682231992483139038e+00
4.707389473915100098e+00
4.408161491155624390e+00
4.280180484056472778e+00
4.358072727918624878e+00
4.288020431995391846e+00
4.283381551504135132e+00
4.570301175117492676e+00
4.176548123359680176e+00
4.248194545507431030e+00
4.338743388652801514e+00
3.903313726186752319e+00
3.656619861721992493e+00
4.260639399290084839e+00
4.076390564441680908e+00
3.765285313129425049e+00
4.678376019001007080e+00
4.306812584400177002e+00
4.143241047859191895e+00
4.624242335557937622e+00
4.764247387647628784e+00
4.024458825588226318e+00
4.493805021047592163e+00
4.481170922517776489e+00
4.332098662853240967e+00
4.649131894111633301e+00
3.885880112648010254e+00
4.227829575538635254e+00
4.403861761093139648e+00
4.466652870178222656e+00
4.221137613058090210e+00
4.307952225208282471e+00
4.126197546720504761e+00
4.380385130643844604e+00
4.560339152812957764e+00
4.093876630067825317e+00
3.980407416820526123e+00
3.966864049434661865e+00
4.333673566579818726e+00
4.005154222249984741e+00
4.568944573402404785e+00
4.176919013261795044e+00
3.895979523658752441e+00
4.391442388296127319e+00
4.657388776540756226e+00
4.372366070747375488e+00
4.165635108947753906e+00
4.746178239583969116e+00
4.227309823036193848e+00
4.338239282369613647e+00
4.055413007736206055e+00
4.800015091896057129e+00
4.359956830739974976e+00
4.521114975214004517e+00
3.992495387792587280e+00
4.249763339757919312e+00
4.287288635969161987e+00
4.584146738052368164e+00
4.534663707017898560e+00
4.366981238126754761e+00
4.367375671863555908e+00
3.825130760669708252e+00
4.628616571426391602e+00
4.319131374359130859e+00
4.537540823221206665e+00
4.008031487464904785e+00
4.741368144750595093e+00
4.002065509557723999e+00
4.584593921899795532e+00
4.581184387207031250e+00
3.888181746006011963e+00
4.513186961412429810e+00
4.410108923912048340e+00
4.378341138362884521e+00
4.134442657232284546e+00
4.594802707433700562e+00
4.408787935972213745e+00
4.111562222242355347e+00
4.527438580989837646e+00
4.066227972507476807e+00
4.478332549333572388e+00
3.779277205467224121e+00
4.604756832122802734e+00
4.232821017503738403e+00
4.244459271430969238e+00
4.542574137449264526e+00
4.173040241003036499e+00
4.081917852163314819e+00
4.125043451786041260e+00
4.806315004825592041e+00
4.316165596246719360e+00
4.924370050430297852e+00
4.700672775506973267e+00
3.844106942415237427e+00
3.838855475187301636e+00
4.444093704223632812e+00
4.584953188896179199e+00
3.900881707668304443e+00
4.179850369691848755e+00
4.443532973527908325e+00
4.684131592512130737e+00
4.196461290121078491e+00
4.120515435934066772e+00
4.066903442144393921e+00
3.602337092161178589e+00
4.427700191736221313e+00
3.802125602960586548e+00
3.869338929653167725e+00
3.637116998434066772e+00
4.602027535438537598e+00
4.301321208477020264e+00
4.288394451141357422e+00
4.123714417219161987e+00
4.540425688028335571e+00
4.479747563600540161e+00
3.940404504537582397e+00
4.394642263650894165e+00
3.916802108287811279e+00
4.076896160840988159e+00
4.723427742719650269e+00
4.944023489952087402e+00
4.530736058950424194e+00
4.291517138481140137e+00
4.613770544528961182e+00
4.283743798732757568e+00
4.070562869310379028e+00
4.128742665052413940e+00
4.730107486248016357e+00
3.829962015151977539e+00
4.741138815879821777e+00
4.715251922607421875e+00
4.087058603763580322e+00
4.426863342523574829e+00
4.879726171493530273e+00
4.517381042242050171e+00
4.838770627975463867e+00
4.748733490705490112e+00
4.510318934917449951e+00
4.139896482229232788e+00
4.669645875692367554e+00
4.150597751140594482e+00
4.743243753910064697e+00
4.191696792840957642e+00
4.470394104719161987e+00
4.013878107070922852e+00
4.592203497886657715e+00
4.347159266471862793e+00
4.175944775342941284e+00
4.434562176465988159e+00
4.402990341186523438e+00
4.870225787162780762e+00
4.239643663167953491e+00
4.047771245241165161e+00
3.990374952554702759e+00
4.790520668029785156e+00
4.624328166246414185e+00
3.718242719769477844e+00
4.413532912731170654e+00
4.370101392269134521e+00
4.015780836343765259e+00
3.874167948961257935e+00
3.916320502758026123e+00
4.391751736402511597e+00
3.989641219377517700e+00
4.629996716976165771e+00
4.337151050567626953e+00
4.335919022560119629e+00
4.386020153760910034e+00
4.473597109317779541e+00
3.881539106369018555e+00
4.241010099649429321e+00
4.055894315242767334e+00
4.283751994371414185e+00
4.353236854076385498e+00
4.273900836706161499e+00
4.252062588930130005e+00
4.676720052957534790e+00
4.121193438768386841e+00
4.610577672719955444e+00
4.400998502969741821e+00
4.561488628387451172e+00
4.273677468299865723e+00
4.553086906671524048e+00
4.142388552427291870e+00
4.301956146955490112e+00
4.026545584201812744e+00
3.899928331375122070e+00
4.297053366899490356e+00
4.826113432645797729e+00
3.671321272850036621e+00
4.456575214862823486e+00
3.852493911981582642e+00
4.443651139736175537e+00
4.599509388208389282e+00
4.735852777957916260e+00
3.965061157941818237e+00
4.195042252540588379e+00
4.562472850084304810e+00
3.989428877830505371e+00
4.576145410537719727e+00
4.671741873025894165e+00
3.864941447973251343e+00
4.515260457992553711e+00
4.699890762567520142e+00
3.863597512245178223e+00
4.739710390567779541e+00
4.396330416202545166e+00
4.007913321256637573e+00
4.265692383050918579e+00
4.355294257402420044e+00
4.298604279756546021e+00
4.356180429458618164e+00
3.627439215779304504e+00
4.253961145877838135e+00
4.020721018314361572e+00
4.521512687206268311e+00
4.859282374382019043e+00
4.109308272600173950e+00
4.210485816001892090e+00
4.602676779031753540e+00
4.300178736448287964e+00
4.606438875198364258e+00
3.881203532218933105e+00
4.142230153083801270e+00
4.746574461460113525e+00
4.338034391403198242e+00
4.907287359237670898e+00
4.345452189445495605e+00
4.660895466804504395e+00
3.914868682622909546e+00
4.677765220403671265e+00
3.668475598096847534e+00
4.022283256053924561e+00
4.371165484189987183e+00
4.562825262546539307e+00
4.754140377044677734e+00
4.463684111833572388e+00
4.274219572544097900e+00
4.159184843301773071e+00
4.029678106307983398e+00
3.796442002058029175e+00
4.737556576728820801e+00
4.841794520616531372e+00
4.238970577716827393e+00
4.678280949592590332e+00
3.947678953409194946e+00
4.236088246107101440e+00
4.548791050910949707e+00
4.582981616258621216e+00
4.241737872362136841e+00
4.153259545564651489e+00
4.632677733898162842e+00
4.684686660766601562e+00
3.980995714664459229e+00
4.092907160520553589e+00
4.640053063631057739e+00
4.471469819545745850e+00
3.844199627637863159e+00
3.897234648466110229e+00
3.989556282758712769e+00
4.800769686698913574e+00
4.519469738006591797e+00
4.935932904481887817e+00
3.905161023139953613e+00
4.256293773651123047e+00
4.530460536479949951e+00
4.227762967348098755e+00
4.087324291467666626e+00
4.753498136997222900e+00
4.907531738281250000e+00
4.371235668659210205e+00
4.572486281394958496e+00
4.283796101808547974e+00
4.225928932428359985e+00
4.594441950321197510e+00
4.303343147039413452e+00
4.253276586532592773e+00
4.211928993463516235e+00
4.091804623603820801e+00
4.496507346630096436e+00
4.676842987537384033e+00
4.913524240255355835e+00
4.476224631071090698e+00
3.757618367671966553e+00
4.135153889656066895e+00
4.341879934072494507e+00
4.520530700683593750e+00
4.333495050668716431e+00
3.940327465534210205e+00
4.582172781229019165e+00
3.801808804273605347e+00
4.759316146373748779e+00
4.052837640047073364e+00
4.701327532529830933e+00
3.590406551957130432e+00
4.084411561489105225e+00
4.014115184545516968e+00
4.421298056840896606e+00
4.060936272144317627e+00
4.584743082523345947e+00
4.354962110519409180e+00
3.680075332522392273e+00
4.702127724885940552e+00
4.432906508445739746e+00
4.459626972675323486e+00
4.648579508066177368e+00
4.197681844234466553e+00
4.512303769588470459e+00
4.439669996500015259e+00
3.977975398302078247e+00
3.672335520386695862e+00
4.019053578376770020e+00
4.200950562953948975e+00
3.932290375232696533e+00
3.680757880210876465e+00
3.704315349459648132e+00
3.970222473144531250e+00
4.213861823081970215e+00
4.586293101310729980e+00
4.328929185867309570e+00
4.762209951877593994e+00
4.673905521631240845e+00
4.497804492712020874e+00
4.343693405389785767e+00
4.237903803586959839e+00
4.720829278230667114e+00
4.712306112051010132e+00
4.193546324968338013e+00
4.317126274108886719e+00
4.304173439741134644e+00
3.979997634887695312e+00
4.471558630466461182e+00
4.501111060380935669e+00
4.706744700670242310e+00
4.430125802755355835e+00
4.800745844841003418e+00
4.642799645662307739e+00
4.711787998676300049e+00
4.124535173177719116e+00
4.701135307550430298e+00
4.508692771196365356e+00
3.476913794875144958e+00
3.446969240903854370e+00
4.768199473619461060e+00
4.703103005886077881e+00
4.117393791675567627e+00
4.110559374094009399e+00
3.995392173528671265e+00
4.201986044645309448e+00
4.553271830081939697e+00
4.547713696956634521e+00
4.404237121343612671e+00
4.429566264152526855e+00
4.024035781621932983e+00
4.466138482093811035e+00
4.320350587368011475e+00
3.957036584615707397e+00
4.224535375833511353e+00
4.415379166603088379e+00
3.718547150492668152e+00
4.425738602876663208e+00
4.188157916069030762e+00
4.334727376699447632e+00
4.845705330371856689e+00
4.767905473709106445e+00
4.249057769775390625e+00
4.811728745698928833e+00
4.723427742719650269e+00
4.513696432113647461e+00
4.675649106502532959e+00
4.115744084119796753e+00
4.308771789073944092e+00
4.348852038383483887e+00
4.448779672384262085e+00
4.539257884025573730e+00
4.387494176626205444e+00
4.110682159662246704e+00
4.703894257545471191e+00
4.492842406034469604e+00
3.916258066892623901e+00
3.943638205528259277e+00
4.130915999412536621e+00
3.975601345300674438e+00
4.444685578346252441e+00
4.491527378559112549e+00
4.354241490364074707e+00
3.797018229961395264e+00
4.433991312980651855e+00
4.361376464366912842e+00
3.815445750951766968e+00
3.945607542991638184e+00
4.070563167333602905e+00
4.566434770822525024e+00
4.297319948673248291e+00
4.194052815437316895e+00
4.099272638559341431e+00
4.302992522716522217e+00
4.266927838325500488e+00
4.215546250343322754e+00
4.438447952270507812e+00
4.296077638864517212e+00
4.472203850746154785e+00
4.870225787162780762e+00
4.395703226327896118e+00
4.182257503271102905e+00
4.198998957872390747e+00
4.591296762228012085e+00
4.677721261978149414e+00
4.069681316614151001e+00
4.326190054416656494e+00
4.534928053617477417e+00
4.376462548971176147e+00
4.346936196088790894e+00
4.216964244842529297e+00
3.767698556184768677e+00
3.663011863827705383e+00
4.027300179004669189e+00
4.470714330673217773e+00
4.072788804769515991e+00
4.310076832771301270e+00
4.826545566320419312e+00
4.265092462301254272e+00
3.673690631985664368e+00
4.413141608238220215e+00
4.192903041839599609e+00
4.827042222023010254e+00
3.908345699310302734e+00
4.167143851518630981e+00
4.149691164493560791e+00
4.334430098533630371e+00
3.844353258609771729e+00
4.014458209276199341e+00
4.027154594659805298e+00
4.422659128904342651e+00
4.221864491701126099e+00
4.352868944406509399e+00
4.127316772937774658e+00
4.540543407201766968e+00
4.395577162504196167e+00
4.422738999128341675e+00
4.763137251138687134e+00
3.487357199192047119e+00
3.848945200443267822e+00
4.511176347732543945e+00
4.313793629407882690e+00
3.861750811338424683e+00
3.438925296068191528e+00
3.806379586458206177e+00
4.521263688802719116e+00
4.474586397409439087e+00
4.653511196374893188e+00
4.149676561355590820e+00
4.409049004316329956e+00
4.588636755943298340e+00
4.474518895149230957e+00
4.525193274021148682e+00
4.459922015666961670e+00
4.324629306793212891e+00
4.398439228534698486e+00
4.433971196413040161e+00
3.681748285889625549e+00
4.540448635816574097e+00
4.669344723224639893e+00
4.522400349378585815e+00
3.881285637617111206e+00
4.132030159235000610e+00
3.800181448459625244e+00
4.149907827377319336e+00
3.994886279106140137e+00
3.785803765058517456e+00
4.366160780191421509e+00
4.433642178773880005e+00
3.768313378095626831e+00
4.588365405797958374e+00
4.430986642837524414e+00
4.434500038623809814e+00
4.421747177839279175e+00
4.376746565103530884e+00
3.803098499774932861e+00
4.380406886339187622e+00
4.863532930612564087e+00
4.334690123796463013e+00
4.686403870582580566e+00
4.016392529010772705e+00
4.738847166299819946e+00
4.524450749158859253e+00
4.477822482585906982e+00
4.508440494537353516e+00
4.773362427949905396e+00
4.874949604272842407e+00
4.047606587409973145e+00
4.747075587511062622e+00
3.981494754552841187e+00
4.518367499113082886e+00
4.350602179765701294e+00
3.905557692050933838e+00
4.352976530790328979e+00
4.952015578746795654e+00
4.588198214769363403e+00
3.468825444579124451e+00
4.591525942087173462e+00
4.675493240356445312e+00
4.424997866153717041e+00
4.640520364046096802e+00
3.856069296598434448e+00
4.230360239744186401e+00
4.424106031656265259e+00
4.365190118551254272e+00
4.507054239511489868e+00
4.004607200622558594e+00
4.839576631784439087e+00
4.159131199121475220e+00
3.832408785820007324e+00
4.247941970825195312e+00
4.133816063404083252e+00
3.631274998188018799e+00
4.493996053934097290e+00
3.971837759017944336e+00
4.335437119007110596e+00
3.852806836366653442e+00
4.669779241085052490e+00
3.405331671237945557e+00
3.931175023317337036e+00
4.044274538755416870e+00
4.329116940498352051e+00
4.613482058048248291e+00
4.859901666641235352e+00
4.504642337560653687e+00
4.722934663295745850e+00
4.045867174863815308e+00
4.325028359889984131e+00
4.679319113492965698e+00
4.582614600658416748e+00
4.476953595876693726e+00
4.041201621294021606e+00
4.878783226013183594e+00
4.520230591297149658e+00
4.021992683410644531e+00
4.437989145517349243e+00
4.138102233409881592e+00
3.722099438309669495e+00
3.663885444402694702e+00
4.622025340795516968e+00
4.158158600330352783e+00
4.035178273916244507e+00
4.833941608667373657e+00
4.687677770853042603e+00
4.293111860752105713e+00
4.098309576511383057e+00
4.623039066791534424e+00
4.269331395626068115e+00
4.915862977504730225e+00
3.647546544671058655e+00
3.873546123504638672e+00
4.906212389469146729e+00
3.728785440325737000e+00
4.581117033958435059e+00
4.631150364875793457e+00
4.088485240936279297e+00
3.921416401863098145e+00
4.352675378322601318e+00
4.479232132434844971e+00
3.807516992092132568e+00
4.480978697538375854e+00
3.986255079507827759e+00
4.773348569869995117e+00
4.043814092874526978e+00
4.074830412864685059e+00
3.629194423556327820e+00
4.618324637413024902e+00
4.039830267429351807e+00
4.276143461465835571e+00
4.106616079807281494e+00
4.827959537506103516e+00
4.151729047298431396e+00
4.429766982793807983e+00
3.901904076337814331e+00
4.604055583477020264e+00
4.460232108831405640e+00
4.859282374382019043e+00
3.757920414209365845e+00
3.991518020629882812e+00
4.056265205144882202e+00
4.717760533094406128e+00
4.250910282135009766e+00
4.566797316074371338e+00
4.733740389347076416e+00
4.252612441778182983e+00
4.115234762430191040e+00
4.149845242500305176e+00
3.921692371368408203e+00
3.768495321273803711e+00
4.072862565517425537e+00
4.109062105417251587e+00
3.990481495857238770e+00
4.539257884025573730e+00
4.276689291000366211e+00
3.944873213768005371e+00
4.373004734516143799e+00
4.701210558414459229e+00
4.014533609151840210e+00
4.648510217666625977e+00
4.723038226366043091e+00
4.492694884538650513e+00
4.601940065622329712e+00
4.195515364408493042e+00
4.660196900367736816e+00
4.183622747659683228e+00
4.556618034839630127e+00
3.994308859109878540e+00
4.035734087228775024e+00
3.967026323080062866e+00
4.228474646806716919e+00
4.786960035562515259e+00
4.389779716730117798e+00
4.055018424987792969e+00
4.073103219270706177e+00
3.418760001659393311e+00
4.778934717178344727e+00
4.649382829666137695e+00
3.927795290946960449e+00
4.622241556644439697e+00
4.257850199937820435e+00
4.248728901147842407e+00
4.266228675842285156e+00
4.274286776781082153e+00
4.274819791316986084e+00
4.720350056886672974e+00
3.746787756681442261e+00
4.457655251026153564e+00
4.341835826635360718e+00
4.099080711603164673e+00
4.500600695610046387e+00
4.216497689485549927e+00
3.606079220771789551e+00
4.250200539827346802e+00
4.656224697828292847e+00
4.828084707260131836e+00
4.408517777919769287e+00
4.648420512676239014e+00
4.441210478544235229e+00
3.554155752062797546e+00
3.995347172021865845e+00
3.930929154157638550e+00
4.809173792600631714e+00
4.670557528734207153e+00
4.024405479431152344e+00
4.646058082580566406e+00
4.345483183860778809e+00
3.727494254708290100e+00
4.768149405717849731e+00
3.803354352712631226e+00
4.822365343570709229e+00
3.668933361768722534e+00
4.654792547225952148e+00
4.158956408500671387e+00
4.324211031198501587e+00
3.945068418979644775e+00
3.394224196672439575e+00
4.547038227319717407e+00
4.495279043912887573e+00
4.154966473579406738e+00
4.320193082094192505e+00
4.313791692256927490e+00
3.936146497726440430e+00
4.021935313940048218e+00
4.144315123558044434e+00
3.950190246105194092e+00
4.448010474443435669e+00
4.828881770372390747e+00
4.507483392953872681e+00
4.453668743371963501e+00
3.955722153186798096e+00
3.643819466233253479e+00
4.141321331262588501e+00
4.103499948978424072e+00
4.347502887248992920e+00
4.752527326345443726e+00
4.145927578210830688e+00
4.849938154220581055e+00
3.951776772737503052e+00
4.791923016309738159e+00
4.527361840009689331e+00
4.249446541070938110e+00
3.983794003725051880e+00
4.655727595090866089e+00
4.841437339782714844e+00
3.440330103039741516e+00
4.072980135679244995e+00
3.047949187457561493e+00
4.145944565534591675e+00
3.883166462182998657e+00
4.433401823043823242e+00
4.571923613548278809e+00
4.750615656375885010e+00
3.954016268253326416e+00
4.372831732034683228e+00
4.333148896694183350e+00
4.294700771570205688e+00
4.206935465335845947e+00
4.303680062294006348e+00
4.744605571031570435e+00
4.033996611833572388e+00
4.200486689805984497e+00
3.822593390941619873e+00
4.404448270797729492e+00
4.523540884256362915e+00
4.579416662454605103e+00
4.691800028085708618e+00
4.760131984949111938e+00
4.113539457321166992e+00
4.524627923965454102e+00
4.463011622428894043e+00
4.502329081296920776e+00
4.534237682819366455e+00
3.991069644689559937e+00
4.632591456174850464e+00
4.796813130378723145e+00
4.763661772012710571e+00
3.797839432954788208e+00
4.093663245439529419e+00
4.300134032964706421e+00
4.160155355930328369e+00
4.467324912548065186e+00
4.395931512117385864e+00
4.316692203283309937e+00
4.571699053049087524e+00
4.238438159227371216e+00
3.858764320611953735e+00
4.483055025339126587e+00
4.111867696046829224e+00
3.990323990583419800e+00
3.967144489288330078e+00
3.416150659322738647e+00
4.524369090795516968e+00
4.128083586692810059e+00
3.845812380313873291e+00
4.192623347043991089e+00
3.837813138961791992e+00
4.834673553705215454e+00
4.543169587850570679e+00
3.954164832830429077e+00
3.218289911746978760e+00
4.382410943508148193e+00
4.206576645374298096e+00
4.903396368026733398e+00
4.483313262462615967e+00
4.264063537120819092e+00
4.631562083959579468e+00
3.637120872735977173e+00
4.390309602022171021e+00
3.872026950120925903e+00
4.108653813600540161e+00
4.267496168613433838e+00
4.620517939329147339e+00
4.444963037967681885e+00
4.391601085662841797e+00
4.064599275588989258e+00
3.748384192585945129e+00
3.810647726058959961e+00
3.682807907462120056e+00
4.226371943950653076e+00
4.094161391258239746e+00
4.627694934606552124e+00
4.497489035129547119e+00
4.380462169647216797e+00
4.425249844789505005e+00
3.943041712045669556e+00
4.182003438472747803e+00
4.460503160953521729e+00
3.875751346349716187e+00
4.249020814895629883e+00
4.442363977432250977e+00
3.843016624450683594e+00
4.432493001222610474e+00
4.591685533523559570e+00
4.356285780668258667e+00
4.696269482374191284e+00
3.674668818712234497e+00
3.561662733554840088e+00
4.313852787017822266e+00
4.627320021390914917e+00
4.296705126762390137e+00
4.539192914962768555e+00
4.475521594285964966e+00
3.909680843353271484e+00
4.662636071443557739e+00
4.644790291786193848e+00
4.224924296140670776e+00
4.421280771493911743e+00
4.434181749820709229e+00
4.610295444726943970e+00
4.381300359964370728e+00
4.168708473443984985e+00
4.377560466527938843e+00
4.242988675832748413e+00
4.807054698467254639e+00
4.772362112998962402e+00
4.505537897348403931e+00
4.497253000736236572e+00
4.328912347555160522e+00
4.391101300716400146e+00
4.482595324516296387e+00
4.442929178476333618e+00
4.946643859148025513e+00
4.515360891819000244e+00
4.047642350196838379e+00
4.706017971038818359e+00
4.141240715980529785e+00
4.487498700618743896e+00
3.603711873292922974e+00
4.507760256528854370e+00
4.073224514722824097e+00
4.162754565477371216e+00
4.705281853675842285e+00
4.341486543416976929e+00
4.380870610475540161e+00
4.209942072629928589e+00
4.265045225620269775e+00
4.663761705160140991e+00
4.459645599126815796e+00
4.472313672304153442e+00
4.510112255811691284e+00
4.207032173871994019e+00
4.374408721923828125e+00
4.878136366605758667e+00
4.540912508964538574e+00
4.088943004608154297e+00
4.739089757204055786e+00
4.883894622325897217e+00
3.851978033781051636e+00
4.639843106269836426e+00
3.935883641242980957e+00
4.092736691236495972e+00
4.338883459568023682e+00
4.484432488679885864e+00
4.240090399980545044e+00
3.630154505372047424e+00
4.023941606283187866e+00
3.372308611869812012e+00
4.465833008289337158e+00
4.627140611410140991e+00
3.854900747537612915e+00
3.961361199617385864e+00
4.501472264528274536e+00
4.608369171619415283e+00
4.487280845642089844e+00
4.203849434852600098e+00
3.964616954326629639e+00
4.260631203651428223e+00
4.193477332592010498e+00
4.083857387304306030e+00
4.028541147708892822e+00
4.460881054401397705e+00
4.105027318000793457e+00
4.447967559099197388e+00
4.548504054546356201e+00
4.414583444595336914e+00
4.081344455480575562e+00
4.305602461099624634e+00
4.343431890010833740e+00
4.069063961505889893e+00
4.447067826986312866e+00
4.587723463773727417e+00
4.723949581384658813e+00
4.820836633443832397e+00
3.966487795114517212e+00
4.622049033641815186e+00
4.422687590122222900e+00
4.377051144838333130e+00
3.836684823036193848e+00
4.365533292293548584e+00
4.278272688388824463e+00
3.885286748409271240e+00
4.162429571151733398e+00
4.359685629606246948e+00
4.301527589559555054e+00
4.329622089862823486e+00
3.976858258247375488e+00
3.992790579795837402e+00
4.472979754209518433e+00
4.785182178020477295e+00
4.770940095186233521e+00
4.670228958129882812e+00
4.136230647563934326e+00
4.592860639095306396e+00
4.476550072431564331e+00
4.096792489290237427e+00
4.193216115236282349e+00
3.857691884040832520e+00
4.517739415168762207e+00
3.847500979900360107e+00
4.365878105163574219e+00
3.782680183649063110e+00
4.400139153003692627e+00
4.145278632640838623e+00
4.654768109321594238e+00
4.186736494302749634e+00
4.678393006324768066e+00
4.502737522125244141e+00
4.549135863780975342e+00
3.772714138031005859e+00
4.495722204446792603e+00
4.195155054330825806e+00
4.478833824396133423e+00
4.259397089481353760e+00
4.477473348379135132e+00
4.663732945919036865e+00
4.127814024686813354e+00
4.267214387655258179e+00
4.261843115091323853e+00
4.500515908002853394e+00
4.030894935131072998e+00
4.396087825298309326e+00
4.763137251138687134e+00
4.734630733728408813e+00
3.821955025196075439e+00
4.245475679636001587e+00
4.525979161262512207e+00
4.194867610931396484e+00
4.147198200225830078e+00
4.205824583768844604e+00
3.764209598302841187e+00
3.556964173913002014e+00
4.652161151170730591e+00
4.444153457880020142e+00
4.036297500133514404e+00
4.257930815219879150e+00
3.420712947845458984e+00
4.266992360353469849e+00
4.280651062726974487e+00
4.732346385717391968e+00
4.608917981386184692e+00
4.463353604078292847e+00
4.595432579517364502e+00
4.413579106330871582e+00
4.788756668567657471e+00
3.612684532999992371e+00
3.968660831451416016e+00
3.995957523584365845e+00
4.081265330314636230e+00
4.630167782306671143e+00
3.808281421661376953e+00
4.280761331319808960e+00
3.634131550788879395e+00
3.929856270551681519e+00
4.430323094129562378e+00
4.279507398605346680e+00
4.792766869068145752e+00
4.359109103679656982e+00
4.828937500715255737e+00
4.564826488494873047e+00
3.862847089767456055e+00
4.414976090192794800e+00
4.331166148185729980e+00
4.918949007987976074e+00
4.409834295511245728e+00
4.160573780536651611e+00
4.682668149471282959e+00
3.957019746303558350e+00
4.681996852159500122e+00
4.629517942667007446e+00
4.702638685703277588e+00
4.359017908573150635e+00
4.182963222265243530e+00
3.418210521340370178e+00
4.414876699447631836e+00
4.328224062919616699e+00
4.145265668630599976e+00
4.463267475366592407e+00
4.444229751825332642e+00
4.276237338781356812e+00
4.613025039434432983e+00
4.436318576335906982e+00
4.195710867643356323e+00
4.560488313436508179e+00
4.354766905307769775e+00
3.806891292333602905e+00
3.588757142424583435e+00
3.832669109106063843e+00
3.814298510551452637e+00
3.962770849466323853e+00
4.381745010614395142e+00
4.581381678581237793e+00
3.816182762384414673e+00
3.758568763732910156e+00
4.460872113704681396e+00
4.587372541427612305e+00
4.204815328121185303e+00
4.031662344932556152e+00
3.913478404283523560e+00
4.730491936206817627e+00
4.606432914733886719e+00
4.713013768196105957e+00
4.470496475696563721e+00
4.779943525791168213e+00
4.390420764684677124e+00
4.633242785930633545e+00
4.537320584058761597e+00
4.234921783208847046e+00
4.628376215696334839e+00
4.135652929544448853e+00
4.712817072868347168e+00
4.784654080867767334e+00
4.429572820663452148e+00
4.292894899845123291e+00
4.548286646604537964e+00
4.409468919038772583e+00
3.853888362646102905e+00
4.150624871253967285e+00
4.663116186857223511e+00
3.965265750885009766e+00
4.343755394220352173e+00
4.109648466110229492e+00
4.734859764575958252e+00
4.412223249673843384e+00
4.382308423519134521e+00
4.561512321233749390e+00
4.120682030916213989e+00
4.745845496654510498e+00
4.196026474237442017e+00
4.682691544294357300e+00
3.973292559385299683e+00
4.246031790971755981e+00
4.318912178277969360e+00
3.825805485248565674e+00
4.336675852537155151e+00
4.063692092895507812e+00
4.517602771520614624e+00
3.772872686386108398e+00
4.372944980859756470e+00
4.854598492383956909e+00
4.287836551666259766e+00
4.536915570497512817e+00
4.410576373338699341e+00
4.293334633111953735e+00
4.113771766424179077e+00
4.584839791059494019e+00
4.511544704437255859e+00
4.197343289852142334e+00
4.715705215930938721e+00
4.454808235168457031e+00
4.441599845886230469e+00
4.554213136434555054e+00
4.025386273860931396e+00
4.340510219335556030e+00
4.474206119775772095e+00
4.119102954864501953e+00
3.881498277187347412e+00
4.269183278083801270e+00
4.395322203636169434e+00
3.656613901257514954e+00
4.556043595075607300e+00
4.565779119729995728e+00
4.452831596136093140e+00
4.570097327232360840e+00
4.396324157714843750e+00
3.909370899200439453e+00
4.440033137798309326e+00
3.897532373666763306e+00
3.884535729885101318e+00
4.394462853670120239e+00
4.289111495018005371e+00
4.669650495052337646e+00
3.704398944973945618e+00
3.822726756334304810e+00
4.181094020605087280e+00
4.377226233482360840e+00
4.386794120073318481e+00
4.747069627046585083e+00
3.793046325445175171e+00
4.229958653450012207e+00
3.661602288484573364e+00
4.773536622524261475e+00
4.305445998907089233e+00
4.578593075275421143e+00
4.098574668169021606e+00
4.345878362655639648e+00
3.386989012360572815e+00
4.476847499608993530e+00
4.139872342348098755e+00
4.270604699850082397e+00
4.051337987184524536e+00
4.000090509653091431e+00
4.538072794675827026e+00
4.870361387729644775e+00
3.774938285350799561e+00
4.508218616247177124e+00
4.716763496398925781e+00
4.850288629531860352e+00
4.310099333524703979e+00
4.738384485244750977e+00
3.884036839008331299e+00
4.047163575887680054e+00
4.066455364227294922e+00
3.947683423757553101e+00
3.919499218463897705e+00
4.321079701185226440e+00
4.284275472164154053e+00
3.806362152099609375e+00
3.993013203144073486e+00
4.690916836261749268e+00
4.122705906629562378e+00
4.525255560874938965e+00
4.739298671483993530e+00
4.463114738464355469e+00
4.519722759723663330e+00
4.313206225633621216e+00
4.003740996122360229e+00
4.340393692255020142e+00
4.522155225276947021e+00
4.319448024034500122e+00
4.411471635103225708e+00
3.613504618406295776e+00
4.537537992000579834e+00
4.317554235458374023e+00
3.641816079616546631e+00
4.228958189487457275e+00
4.837821424007415771e+00
4.215583801269531250e+00
4.481010735034942627e+00
3.965235948562622070e+00
4.381803125143051147e+00
3.960534185171127319e+00
4.000034481287002563e+00
4.133157581090927124e+00
4.284373372793197632e+00
4.260253012180328369e+00
4.574088752269744873e+00
4.542474150657653809e+00
4.369686096906661987e+00
4.710653424263000488e+00
3.661587536334991455e+00
3.902124315500259399e+00
3.935002833604812622e+00
3.373599499464035034e+00
4.771948903799057007e+00
4.227538257837295532e+00
4.176488071680068970e+00
3.818183690309524536e+00
4.628310650587081909e+00
4.350760877132415771e+00
4.357649683952331543e+00
4.301445186138153076e+00
4.555583149194717407e+00
4.444158375263214111e+00
3.927512764930725098e+00
4.679525345563888550e+00
3.997610509395599365e+00
4.621132314205169678e+00
4.606938958168029785e+00
4.690400213003158569e+00
4.442702680826187134e+00
4.515764415264129639e+00
4.845409691333770752e+00
4.202546775341033936e+00
4.502236694097518921e+00
4.439974874258041382e+00
4.520384222269058228e+00
4.480589628219604492e+00
3.957442045211791992e+00
4.191921055316925049e+00
4.020021706819534302e+00
4.205583482980728149e+00
3.460522741079330444e+00
4.377015829086303711e+00
4.792828857898712158e+00
4.797596186399459839e+00
4.050235450267791748e+00
4.204267114400863647e+00
4.361182898283004761e+00
4.751691818237304688e+00
4.505926817655563354e+00
3.738405108451843262e+00
4.050667881965637207e+00
4.952083975076675415e+00
4.274373799562454224e+00
4.606736749410629272e+00
3.847549110651016235e+00
4.510827958583831787e+00
4.428919702768325806e+00
3.872887939214706421e+00
4.049465954303741455e+00
4.227712750434875488e+00
4.472781419754028320e+00
4.886824339628219604e+00
4.409680217504501343e+00
4.282376617193222046e+00
3.954037278890609741e+00
4.606709629297256470e+00
4.060774296522140503e+00
3.520953953266143799e+00
4.304710477590560913e+00
4.354342073202133179e+00
4.496439546346664429e+00
4.712998121976852417e+00
4.152623116970062256e+00
4.648125171661376953e+00
4.533389508724212646e+00
4.498927742242813110e+00
3.949398696422576904e+00
4.184073954820632935e+00
4.693082422018051147e+00
