4.924264848232269287e+00
4.734252244234085083e+00
4.808357656002044678e+00
4.810653775930404663e+00
4.767531752586364746e+00
4.838292002677917480e+00
4.882048666477203369e+00
4.720135927200317383e+00
4.843372404575347900e+00
4.976535290479660034e+00
4.916174113750457764e+00
4.637672603130340576e+00
4.822256863117218018e+00
4.940697252750396729e+00
4.903725385665893555e+00
5.000000298023223877e+00
4.943760335445404053e+00
4.745444059371948242e+00
4.841362535953521729e+00
4.922272413969039917e+00
4.962589442729949951e+00
4.866264760494232178e+00
4.627610146999359131e+00
4.791431427001953125e+00
4.882437586784362793e+00
4.940173029899597168e+00
4.873031675815582275e+00
4.912509322166442871e+00
4.869798421859741211e+00
4.742906987667083740e+00
4.831466674804687500e+00
5.000000000000000000e+00
4.800651073455810547e+00
4.640830755233764648e+00
4.900059998035430908e+00
4.917886257171630859e+00
4.825411438941955566e+00
4.781138598918914795e+00
3.870391249656677246e+00
4.760625064373016357e+00
4.947645217180252075e+00
4.852520525455474854e+00
4.945832341909408569e+00
4.739492237567901611e+00
4.877934753894805908e+00
4.766354858875274658e+00
5.000000298023223877e+00
4.934265613555908203e+00
4.822125434875488281e+00
4.527451992034912109e+00
4.918724447488784790e+00
4.660570621490478516e+00
4.872130155563354492e+00
4.992581903934478760e+00
4.648418724536895752e+00
5.000000000000000000e+00
4.842882454395294189e+00
5.000000000000000000e+00
4.903606027364730835e+00
4.712874442338943481e+00
4.782136976718902588e+00
4.703024625778198242e+00
4.924010634422302246e+00
4.946206659078598022e+00
4.860268384218215942e+00
4.757486730813980103e+00
4.757099896669387817e+00
4.815606772899627686e+00
4.975554198026657104e+00
4.988957345485687256e+00
5.000000298023223877e+00
4.905570298433303833e+00
4.887227863073348999e+00
4.771373569965362549e+00
4.800124764442443848e+00
4.862812161445617676e+00
4.839917123317718506e+00
4.800473153591156006e+00
4.871880412101745605e+00
4.822303056716918945e+00
4.834858030080795288e+00
4.859163761138916016e+00
4.956745654344558716e+00
4.756705015897750854e+00
5.000000000000000000e+00
4.927092343568801880e+00
4.766069948673248291e+00
4.713413268327713013e+00
4.603751897811889648e+00
4.700551033020019531e+00
4.737268388271331787e+00
4.910291433334350586e+00
4.648986309766769409e+00
4.686188548803329468e+00
4.736182093620300293e+00
4.988613575696945190e+00
4.801838696002960205e+00
4.438529908657073975e+00
4.860572367906570435e+00
4.873897731304168701e+00
4.869453161954879761e+00
4.889466166496276855e+00
4.783641993999481201e+00
4.914672523736953735e+00
4.770155251026153564e+00
4.734862148761749268e+00
4.773827344179153442e+00
4.805726706981658936e+00
4.667169898748397827e+00
4.773509353399276733e+00
4.683821648359298706e+00
4.850174188613891602e+00
4.793915748596191406e+00
4.737459421157836914e+00
4.891116768121719360e+00
5.000000298023223877e+00
4.775860607624053955e+00
4.696080982685089111e+00
4.588401764631271362e+00
4.817643910646438599e+00
4.624857902526855469e+00
4.991401135921478271e+00
4.781431853771209717e+00
4.829094111919403076e+00
4.806047379970550537e+00
4.756320714950561523e+00
4.671725034713745117e+00
4.835889190435409546e+00
4.865045845508575439e+00
4.449571073055267334e+00
4.802592098712921143e+00
4.437250047922134399e+00
4.818508625030517578e+00
4.889818131923675537e+00
4.705485105514526367e+00
4.861009865999221802e+00
4.708172827959060669e+00
4.769323468208312988e+00
4.656805694103240967e+00
4.879753589630126953e+00
4.639874100685119629e+00
4.731931835412979126e+00
4.898606836795806885e+00
4.703262746334075928e+00
4.893984943628311157e+00
4.907642900943756104e+00
4.876104891300201416e+00
4.825048446655273438e+00
4.815125167369842529e+00
4.936555325984954834e+00
4.670592546463012695e+00
4.670976996421813965e+00
4.965478479862213135e+00
4.840322434902191162e+00
4.951073229312896729e+00
4.555452615022659302e+00
4.675639718770980835e+00
4.904535710811614990e+00
4.928247183561325073e+00
4.487847089767456055e+00
4.486487656831741333e+00
4.744835942983627319e+00
4.425135552883148193e+00
4.812467694282531738e+00
4.737365543842315674e+00
4.557701945304870605e+00
4.860860705375671387e+00
4.846045821905136108e+00
4.889189004898071289e+00
4.793841987848281860e+00
4.881314337253570557e+00
4.900551587343215942e+00
4.869492799043655396e+00
4.503725320100784302e+00
4.735917299985885620e+00
4.611593931913375854e+00
4.898049235343933105e+00
4.212287813425064087e+00
4.866722077131271362e+00
4.918292760848999023e+00
4.780746400356292725e+00
4.653353989124298096e+00
4.910815656185150146e+00
4.735688567161560059e+00
4.814364910125732422e+00
4.614607989788055420e+00
4.425469338893890381e+00
4.718863070011138916e+00
4.584444165229797363e+00
4.820363819599151611e+00
4.793187677860260010e+00
4.904790669679641724e+00
4.704501032829284668e+00
4.923872649669647217e+00
4.562906026840209961e+00
4.913609027862548828e+00
4.607434868812561035e+00
4.686178267002105713e+00
4.890829920768737793e+00
4.781827628612518311e+00
4.833233058452606201e+00
4.819959700107574463e+00
4.784450232982635498e+00
4.586805403232574463e+00
4.914687722921371460e+00
4.967539757490158081e+00
4.883631020784378052e+00
4.490969926118850708e+00
4.729498177766799927e+00
4.615346938371658325e+00
4.534911960363388062e+00
4.575508981943130493e+00
4.522476047277450562e+00
4.770837128162384033e+00
4.823342561721801758e+00
4.677300304174423218e+00
4.717990756034851074e+00
4.677452445030212402e+00
4.368049502372741699e+00
4.612415730953216553e+00
4.775769412517547607e+00
4.882424771785736084e+00
4.341052621603012085e+00
4.588401764631271362e+00
4.768391996622085571e+00
4.873910546302795410e+00
4.830999076366424561e+00
4.934052824974060059e+00
4.467859715223312378e+00
4.954076409339904785e+00
4.733214080333709717e+00
4.823281764984130859e+00
4.448416233062744141e+00
4.869690239429473877e+00
4.947132915258407593e+00
4.416649639606475830e+00
4.460613727569580078e+00
4.601469337940216064e+00
4.813608527183532715e+00
4.816604852676391602e+00
4.874195456504821777e+00
4.844450205564498901e+00
4.901660382747650146e+00
4.635082334280014038e+00
4.878617227077484131e+00
4.607794582843780518e+00
4.810106903314590454e+00
4.101567566394805908e+00
4.665641784667968750e+00
4.893419444561004639e+00
4.752769619226455688e+00
4.894658178091049194e+00
4.743849784135818481e+00
4.851131439208984375e+00
4.445866495370864868e+00
4.476202130317687988e+00
4.477838426828384399e+00
4.559067785739898682e+00
4.524717479944229126e+00
4.800280332565307617e+00
4.443118125200271606e+00
4.925048649311065674e+00
4.573586732149124146e+00
4.850193709135055542e+00
4.662897586822509766e+00
4.750440120697021484e+00
4.721987545490264893e+00
4.702417254447937012e+00
4.682972431182861328e+00
4.419461190700531006e+00
4.849517196416854858e+00
4.783979654312133789e+00
4.607137441635131836e+00
4.682805538177490234e+00
4.771924018859863281e+00
4.634540677070617676e+00
4.630455672740936279e+00
4.290120452642440796e+00
4.787468165159225464e+00
4.802651107311248779e+00
4.348608255386352539e+00
4.626372456550598145e+00
4.156996011734008789e+00
4.520801156759262085e+00
4.452193230390548706e+00
4.843512475490570068e+00
4.634176194667816162e+00
4.302362501621246338e+00
4.812677800655364990e+00
4.227802604436874390e+00
4.469648003578186035e+00
4.494360536336898804e+00
4.572100639343261719e+00
4.604759961366653442e+00
4.607454240322113037e+00
4.797294139862060547e+00
4.483048021793365479e+00
4.757107049226760864e+00
4.036121964454650879e+00
4.558337926864624023e+00
4.456788003444671631e+00
4.364730268716812134e+00
4.753625988960266113e+00
4.540907889604568481e+00
4.743660539388656616e+00
4.808780103921890259e+00
4.531608521938323975e+00
4.105583280324935913e+00
4.741165637969970703e+00
4.650035649538040161e+00
4.871606826782226562e+00
4.921773672103881836e+00
4.469731152057647705e+00
4.685353040695190430e+00
4.097263216972351074e+00
4.814165979623794556e+00
3.956532180309295654e+00
4.657605737447738647e+00
3.811137229204177856e+00
4.724619984626770020e+00
4.714678525924682617e+00
4.402061849832534790e+00
4.754291474819183350e+00
4.679629057645797729e+00
4.788597226142883301e+00
4.131798297166824341e+00
4.762299656867980957e+00
4.771216809749603271e+00
4.670946002006530762e+00
4.844399243593215942e+00
4.766485542058944702e+00
4.930632859468460083e+00
4.837870746850967407e+00
4.750771820545196533e+00
4.678492844104766846e+00
4.350769817829132080e+00
4.929594695568084717e+00
4.822639375925064087e+00
4.688793867826461792e+00
4.470637142658233643e+00
4.804978370666503906e+00
4.218958020210266113e+00
4.538536369800567627e+00
4.717389345169067383e+00
4.779614955186843872e+00
4.591051042079925537e+00
4.670263826847076416e+00
4.634726941585540771e+00
3.613547682762145996e+00
4.420230090618133545e+00
4.813934415578842163e+00
4.806796014308929443e+00
4.867233335971832275e+00
4.400311857461929321e+00
4.785920530557632446e+00
4.743946194648742676e+00
4.790327548980712891e+00
4.565968364477157593e+00
4.565241336822509766e+00
4.780814051628112793e+00
4.343293905258178711e+00
4.683628380298614502e+00
4.725406020879745483e+00
4.706509411334991455e+00
4.022874981164932251e+00
4.669361114501953125e+00
4.537226557731628418e+00
4.375159144401550293e+00
4.511517137289047241e+00
4.501562714576721191e+00
4.775648862123489380e+00
4.381915926933288574e+00
4.228636473417282104e+00
4.704691916704177856e+00
4.624419808387756348e+00
4.809679687023162842e+00
4.982016086578369141e+00
4.799865782260894775e+00
4.430935531854629517e+00
4.586463570594787598e+00
4.685624539852142334e+00
4.726370573043823242e+00
4.770095646381378174e+00
4.656663537025451660e+00
4.585157632827758789e+00
4.581713378429412842e+00
4.364344775676727295e+00
4.644600450992584229e+00
4.878176450729370117e+00
4.626016616821289062e+00
4.834313690662384033e+00
4.794818013906478882e+00
4.681196957826614380e+00
4.926519393920898438e+00
4.643820077180862427e+00
4.853904098272323608e+00
4.717378914356231689e+00
4.262011647224426270e+00
4.622305631637573242e+00
4.796315729618072510e+00
3.964731097221374512e+00
4.008851349353790283e+00
4.457193613052368164e+00
4.665706008672714233e+00
4.575904756784439087e+00
4.807782769203186035e+00
4.567475169897079468e+00
4.180033206939697266e+00
4.728004336357116699e+00
4.744466841220855713e+00
4.509098380804061890e+00
4.454394727945327759e+00
4.593912661075592041e+00
4.230451881885528564e+00
4.608750045299530029e+00
4.847118109464645386e+00
4.733489602804183960e+00
4.659710824489593506e+00
4.734926223754882812e+00
4.526515007019042969e+00
4.509481489658355713e+00
4.124424457550048828e+00
4.573191553354263306e+00
4.426433444023132324e+00
4.173168838024139404e+00
4.317251294851303101e+00
3.987910598516464233e+00
4.570502638816833496e+00
4.648730158805847168e+00
4.215692281723022461e+00
4.674249440431594849e+00
4.601104259490966797e+00
4.632062017917633057e+00
4.196164608001708984e+00
4.571668803691864014e+00
4.472467005252838135e+00
4.116120040416717529e+00
4.361964166164398193e+00
4.521183222532272339e+00
4.435795694589614868e+00
4.301289469003677368e+00
4.680098146200180054e+00
4.587957412004470825e+00
4.739625900983810425e+00
4.388813972473144531e+00
4.559541940689086914e+00
4.181894063949584961e+00
4.352390766143798828e+00
4.877277165651321411e+00
3.953518271446228027e+00
4.832010120153427124e+00
4.847813546657562256e+00
4.258462935686111450e+00
4.559955447912216187e+00
4.775177240371704102e+00
4.638414382934570312e+00
4.748309403657913208e+00
4.429057687520980835e+00
4.193342626094818115e+00
4.367929995059967041e+00
4.452042877674102783e+00
4.338836967945098877e+00
4.572757333517074585e+00
4.185097664594650269e+00
4.330986887216567993e+00
4.694253802299499512e+00
4.157636463642120361e+00
4.488553553819656372e+00
4.852975308895111084e+00
4.612188488245010376e+00
4.123948812484741211e+00
4.497879743576049805e+00
4.875158965587615967e+00
4.616904556751251221e+00
4.581396877765655518e+00
3.886987417936325073e+00
4.662774950265884399e+00
4.463596045970916748e+00
4.523413181304931641e+00
4.595446437597274780e+00
4.020125567913055420e+00
4.263578355312347412e+00
4.894352853298187256e+00
4.293404817581176758e+00
3.698263913393020630e+00
4.480754584074020386e+00
4.657061398029327393e+00
4.414897561073303223e+00
4.586415588855743408e+00
4.441935122013092041e+00
4.493039548397064209e+00
4.281051605939865112e+00
4.520230591297149658e+00
4.276217371225357056e+00
3.997757583856582642e+00
4.739036560058593750e+00
4.576535522937774658e+00
4.779361188411712646e+00
4.604551196098327637e+00
4.618239402770996094e+00
4.219339042901992798e+00
4.547118097543716431e+00
3.784222751855850220e+00
4.169463813304901123e+00
4.343116879463195801e+00
4.339496493339538574e+00
4.150805622339248657e+00
4.247678518295288086e+00
4.458142071962356567e+00
4.804534912109375000e+00
4.641935378313064575e+00
4.776364117860794067e+00
4.414964467287063599e+00
4.481768012046813965e+00
4.585853219032287598e+00
4.719702601432800293e+00
4.333638250827789307e+00
4.668670743703842163e+00
4.365434944629669189e+00
4.335994422435760498e+00
4.400424063205718994e+00
3.987517654895782471e+00
4.793937504291534424e+00
4.784611910581588745e+00
4.712436348199844360e+00
4.337355047464370728e+00
4.153391718864440918e+00
4.427199065685272217e+00
4.583692103624343872e+00
4.650573730468750000e+00
4.136909842491149902e+00
4.244970679283142090e+00
4.470443427562713623e+00
4.544199407100677490e+00
4.049520790576934814e+00
4.761083722114562988e+00
4.829217642545700073e+00
4.701490849256515503e+00
4.458929896354675293e+00
4.704447090625762939e+00
4.451170265674591064e+00
4.631435722112655640e+00
4.010729193687438965e+00
4.029428958892822266e+00
4.326789826154708862e+00
4.812573194503784180e+00
4.172687530517578125e+00
4.177300631999969482e+00
4.712183326482772827e+00
4.607681930065155029e+00
4.359746277332305908e+00
4.693243056535720825e+00
4.899650365114212036e+00
4.365203082561492920e+00
4.559708386659622192e+00
4.540963023900985718e+00
4.566561579704284668e+00
4.074157029390335083e+00
4.693201482295989990e+00
4.339806437492370605e+00
4.520871192216873169e+00
4.562385082244873047e+00
4.766870737075805664e+00
4.611634314060211182e+00
4.731536507606506348e+00
4.651274979114532471e+00
4.384376853704452515e+00
4.507248401641845703e+00
4.457234293222427368e+00
4.293899536132812500e+00
3.962190598249435425e+00
4.032113552093505859e+00
3.833920359611511230e+00
4.554364681243896484e+00
4.199441522359848022e+00
4.205240905284881592e+00
4.340874701738357544e+00
4.571815729141235352e+00
4.534573554992675781e+00
4.474785625934600830e+00
4.398444592952728271e+00
4.165610522031784058e+00
4.527868926525115967e+00
4.183255136013031006e+00
4.539930820465087891e+00
4.637341797351837158e+00
4.622556865215301514e+00
4.398861229419708252e+00
4.454371035099029541e+00
4.568077623844146729e+00
4.088883399963378906e+00
4.422516375780105591e+00
4.428511261940002441e+00
4.640083611011505127e+00
3.883539140224456787e+00
4.225686043500900269e+00
3.888612687587738037e+00
3.830104470252990723e+00
4.390883296728134155e+00
3.819462060928344727e+00
4.072151482105255127e+00
3.856726735830307007e+00
3.697892650961875916e+00
4.418760091066360474e+00
3.617312386631965637e+00
4.272865056991577148e+00
4.378617405891418457e+00
4.133301079273223877e+00
4.485552310943603516e+00
4.589829742908477783e+00
3.629553020000457764e+00
4.498634338378906250e+00
3.590414673089981079e+00
4.703430533409118652e+00
4.204998910427093506e+00
3.877921253442764282e+00
4.606160074472427368e+00
4.376233369112014771e+00
4.646382629871368408e+00
4.028679877519607544e+00
4.061388224363327026e+00
3.384209573268890381e+00
4.489056318998336792e+00
4.635834395885467529e+00
3.954815119504928589e+00
4.559276103973388672e+00
3.506284728646278381e+00
4.561954140663146973e+00
4.460829645395278931e+00
3.801272213459014893e+00
4.776819348335266113e+00
3.930999189615249634e+00
4.210368692874908447e+00
4.118542969226837158e+00
3.886551558971405029e+00
4.692006856203079224e+00
4.192097634077072144e+00
3.904290497303009033e+00
4.212787598371505737e+00
4.120974391698837280e+00
3.973652124404907227e+00
4.529380202293395996e+00
4.147476851940155029e+00
4.241003245115280151e+00
4.455801546573638916e+00
3.874949663877487183e+00
4.547357112169265747e+00
4.278726577758789062e+00
4.046647548675537109e+00
4.582466185092926025e+00
4.583411663770675659e+00
4.519129395484924316e+00
4.637711495161056519e+00
4.803856462240219116e+00
3.888991773128509521e+00
4.592251181602478027e+00
3.845822662115097046e+00
3.894217610359191895e+00
4.637646079063415527e+00
3.811227232217788696e+00
4.058840274810791016e+00
4.863253086805343628e+00
4.234171807765960693e+00
4.676347225904464722e+00
3.954189270734786987e+00
4.723696410655975342e+00
4.665232896804809570e+00
4.343514740467071533e+00
4.384942054748535156e+00
4.062558710575103760e+00
4.321007132530212402e+00
4.369447976350784302e+00
4.123722910881042480e+00
4.436679184436798096e+00
4.387806653976440430e+00
4.713645130395889282e+00
4.536468684673309326e+00
4.426601529121398926e+00
4.613274633884429932e+00
3.788967132568359375e+00
3.765639066696166992e+00
4.224819689989089966e+00
3.821277320384979248e+00
4.182250499725341797e+00
3.971996456384658813e+00
4.878064244985580444e+00
4.237406700849533081e+00
4.643295556306838989e+00
4.030877649784088135e+00
4.100798517465591431e+00
3.896370828151702881e+00
4.355551600456237793e+00
3.913378566503524780e+00
4.884535968303680420e+00
4.650031179189682007e+00
4.317533820867538452e+00
3.973021358251571655e+00
4.591237306594848633e+00
4.048109799623489380e+00
4.257396459579467773e+00
3.807480484247207642e+00
4.141969531774520874e+00
4.153903722763061523e+00
4.303846508264541626e+00
4.800729304552078247e+00
3.751617372035980225e+00
4.114760160446166992e+00
4.022968560457229614e+00
4.027225822210311890e+00
3.295194506645202637e+00
4.592960923910140991e+00
4.443770945072174072e+00
4.379000961780548096e+00
3.707763105630874634e+00
4.711564630270004272e+00
4.030111730098724365e+00
3.961378484964370728e+00
4.089096486568450928e+00
4.673415422439575195e+00
4.105790406465530396e+00
3.658083155751228333e+00
3.844962567090988159e+00
4.766907989978790283e+00
4.075693935155868530e+00
4.503016769886016846e+00
4.305046796798706055e+00
4.343458116054534912e+00
4.206639081239700317e+00
4.255951941013336182e+00
4.175678491592407227e+00
4.483746588230133057e+00
4.593955129384994507e+00
4.097483605146408081e+00
3.479781597852706909e+00
4.119722545146942139e+00
4.666952490806579590e+00
3.595408052206039429e+00
4.672310650348663330e+00
3.686866536736488342e+00
4.564604908227920532e+00
4.434738755226135254e+00
3.912427723407745361e+00
4.433206617832183838e+00
4.265266060829162598e+00
4.479162245988845825e+00
4.666212201118469238e+00
4.174490123987197876e+00
3.999510258436203003e+00
4.111083447933197021e+00
4.505858570337295532e+00
3.902430832386016846e+00
4.536902308464050293e+00
4.061218202114105225e+00
3.838431388139724731e+00
3.789185732603073120e+00
4.041856825351715088e+00
4.168478250503540039e+00
4.137265682220458984e+00
4.375085234642028809e+00
4.056558012962341309e+00
4.018634557723999023e+00
4.222253561019897461e+00
3.651945590972900391e+00
3.899689465761184692e+00
4.283782243728637695e+00
4.040818959474563599e+00
3.811756521463394165e+00
4.507953226566314697e+00
4.470114409923553467e+00
3.200601488351821899e+00
4.289072453975677490e+00
2.692247107625007629e+00
4.230366945266723633e+00
4.142343401908874512e+00
4.182550907135009766e+00
3.407637327909469604e+00
4.200784862041473389e+00
3.843606710433959961e+00
4.040694534778594971e+00
4.059662520885467529e+00
4.198953509330749512e+00
3.335904479026794434e+00
4.028384387493133545e+00
3.856681734323501587e+00
4.488996416330337524e+00
4.146936982870101929e+00
4.650356173515319824e+00
3.614014610648155212e+00
4.125745594501495361e+00
4.261060059070587158e+00
4.281376153230667114e+00
3.887299746274948120e+00
4.043884873390197754e+00
4.166978299617767334e+00
4.426763504743576050e+00
4.745266139507293701e+00
4.544939994812011719e+00
4.928202033042907715e+00
4.914938807487487793e+00
4.797874987125396729e+00
4.806496053934097290e+00
4.715878218412399292e+00
4.960135519504547119e+00
4.774972796440124512e+00
4.803519845008850098e+00
4.896292686462402344e+00
4.856383055448532104e+00
5.000000000000000000e+00
4.950448274612426758e+00
4.547615349292755127e+00
4.774191081523895264e+00
5.000000298023223877e+00
4.704007208347320557e+00
4.839128553867340088e+00
4.972940683364868164e+00
4.837020188570022583e+00
4.631773382425308228e+00
4.894722998142242432e+00
4.992083758115768433e+00
4.946813583374023438e+00
4.899458140134811401e+00
4.926732778549194336e+00
4.971990287303924561e+00
4.946388155221939087e+00
4.915165603160858154e+00
4.862699210643768311e+00
4.649434983730316162e+00
4.894125759601593018e+00
4.685490727424621582e+00
4.410544931888580322e+00
4.808348715305328369e+00
4.715791046619415283e+00
4.809807389974594116e+00
4.876808673143386841e+00
4.917665719985961914e+00
4.602411389350891113e+00
4.957902580499649048e+00
4.967560917139053345e+00
4.197831451892852783e+00
4.726421386003494263e+00
4.877485930919647217e+00
4.948879778385162354e+00
4.712606519460678101e+00
4.885369241237640381e+00
4.450041055679321289e+00
4.894941002130508423e+00
4.943121075630187988e+00
4.939971268177032471e+00
4.933204203844070435e+00
4.921356141567230225e+00
4.946018606424331665e+00
4.796797335147857666e+00
4.936167001724243164e+00
4.853370785713195801e+00
4.912985265254974365e+00
4.933283030986785889e+00
4.903834611177444458e+00
4.894676804542541504e+00
4.793339967727661133e+00
4.871719479560852051e+00
4.623106718063354492e+00
3.868038058280944824e+00
4.096002727746963501e+00
4.865540862083435059e+00
4.496121406555175781e+00
4.947002828121185303e+00
4.936028420925140381e+00
4.846043288707733154e+00
4.517014920711517334e+00
4.592436850070953369e+00
4.411074221134185791e+00
4.565434455871582031e+00
4.921489059925079346e+00
4.879384040832519531e+00
4.738297462463378906e+00
4.791261255741119385e+00
4.450124651193618774e+00
4.869100153446197510e+00
4.776121079921722412e+00
4.918465018272399902e+00
4.904902875423431396e+00
4.887405782938003540e+00
4.909556061029434204e+00
4.923105388879776001e+00
4.932048916816711426e+00
4.779805392026901245e+00
4.528946578502655029e+00
4.776428341865539551e+00
4.664891958236694336e+00
4.920315742492675781e+00
4.483610689640045166e+00
3.896964937448501587e+00
4.031309038400650024e+00
4.873563349246978760e+00
4.874770939350128174e+00
4.135160744190216064e+00
4.852291643619537354e+00
4.499969035387039185e+00
4.856155514717102051e+00
4.898813217878341675e+00
4.686126112937927246e+00
4.843181669712066650e+00
4.807881265878677368e+00
4.605812132358551025e+00
4.367711395025253296e+00
4.667336940765380859e+00
4.925426691770553589e+00
4.631137251853942871e+00
4.726355671882629395e+00
4.629231989383697510e+00
4.741349518299102783e+00
4.679218679666519165e+00
4.176146686077117920e+00
4.567115306854248047e+00
4.638605415821075439e+00
4.425746053457260132e+00
4.749318361282348633e+00
4.738953262567520142e+00
4.401828646659851074e+00
4.401852488517761230e+00
4.752916395664215088e+00
4.060266166925430298e+00
4.540040194988250732e+00
4.558274298906326294e+00
4.618368297815322876e+00
4.487985074520111084e+00
4.272044301033020020e+00
4.436514675617218018e+00
4.648130238056182861e+00
4.778776764869689941e+00
4.786259382963180542e+00
4.844522029161453247e+00
4.653340727090835571e+00
4.726475626230239868e+00
4.729813784360885620e+00
4.449585974216461182e+00
4.222680777311325073e+00
4.447145611047744751e+00
4.560968726873397827e+00
4.758861362934112549e+00
4.455605447292327881e+00
4.088388979434967041e+00
4.756607264280319214e+00
4.039740860462188721e+00
4.556736499071121216e+00
4.786931723356246948e+00
4.614834785461425781e+00
4.690928906202316284e+00
4.618922770023345947e+00
4.469639062881469727e+00
4.651294797658920288e+00
4.471373856067657471e+00
4.750896692276000977e+00
4.706209897994995117e+00
4.639500677585601807e+00
4.563678205013275146e+00
4.723066687583923340e+00
4.435983151197433472e+00
3.789574354887008667e+00
4.779418706893920898e+00
4.776479303836822510e+00
4.759570211172103882e+00
4.622291773557662964e+00
4.764285981655120850e+00
4.709328413009643555e+00
4.357592910528182983e+00
4.247571676969528198e+00
4.579902291297912598e+00
4.041517674922943115e+00
4.507320076227188110e+00
4.399398863315582275e+00
4.632952511310577393e+00
4.861899912357330322e+00
3.945042937994003296e+00
4.580338448286056519e+00
4.687161296606063843e+00
4.853760451078414917e+00
4.658263474702835083e+00
4.659219384193420410e+00
4.515199214220046997e+00
4.345030486583709717e+00
4.773512631654739380e+00
4.709272235631942749e+00
4.712261408567428589e+00
4.756563603878021240e+00
4.149340242147445679e+00
4.272114485502243042e+00
4.535727947950363159e+00
4.543722271919250488e+00
4.683209955692291260e+00
4.799542427062988281e+00
4.516851752996444702e+00
4.723907858133316040e+00
4.849016219377517700e+00
3.993314057588577271e+00
4.589805305004119873e+00
4.022966027259826660e+00
4.244529902935028076e+00
4.273269176483154297e+00
4.375250786542892456e+00
4.551461488008499146e+00
4.571873247623443604e+00
4.751211851835250854e+00
4.208026975393295288e+00
3.907603025436401367e+00
3.942453265190124512e+00
4.327427446842193604e+00
4.133582860231399536e+00
4.549717307090759277e+00
4.550699591636657715e+00
4.282707273960113525e+00
4.484352767467498779e+00
4.372975677251815796e+00
4.626548290252685547e+00
4.683596491813659668e+00
4.466914832592010498e+00
4.417202770709991455e+00
4.680190086364746094e+00
4.167124927043914795e+00
4.603362381458282471e+00
4.382684975862503052e+00
4.634870588779449463e+00
4.662034213542938232e+00
4.526174068450927734e+00
4.480079412460327148e+00
4.002037793397903442e+00
4.560304731130599976e+00
4.381155669689178467e+00
4.565821290016174316e+00
4.406807273626327515e+00
4.188428670167922974e+00
4.674406647682189941e+00
4.369409084320068359e+00
4.398341178894042969e+00
4.346178621053695679e+00
4.826785027980804443e+00
4.385873973369598389e+00
4.570801705121994019e+00
3.879953324794769287e+00
3.265150487422943115e+00
4.681706130504608154e+00
3.937833905220031738e+00
4.804475754499435425e+00
3.991127610206604004e+00
4.584812670946121216e+00
4.721485227346420288e+00
4.164680987596511841e+00
4.224249422550201416e+00
3.723485469818115234e+00
4.657686203718185425e+00
4.557264745235443115e+00
4.606942534446716309e+00
3.427636101841926575e+00
4.590552449226379395e+00
4.340164065361022949e+00
4.425171166658401489e+00
3.929193615913391113e+00
4.568408876657485962e+00
4.391448795795440674e+00
3.726391568779945374e+00
4.802429080009460449e+00
4.302604198455810547e+00
4.115849584341049194e+00
4.447613954544067383e+00
4.641637057065963745e+00
3.939572274684906006e+00
4.699266701936721802e+00
4.503040760755538940e+00
4.125412702560424805e+00
4.739833176136016846e+00
4.158302694559097290e+00
4.470203965902328491e+00
4.285403490066528320e+00
4.756817966699600220e+00
4.484795331954956055e+00
3.405808061361312866e+00
3.222126588225364685e+00
4.587321579456329346e+00
4.403665512800216675e+00
4.767166972160339355e+00
3.751470297574996948e+00
4.381820708513259888e+00
4.721502661705017090e+00
4.827555716037750244e+00
3.858317434787750244e+00
4.852275550365447998e+00
4.315357655286788940e+00
4.405740201473236084e+00
4.648578017950057983e+00
4.260326325893402100e+00
4.070083051919937134e+00
3.903585523366928101e+00
4.131527841091156006e+00
4.251003116369247437e+00
4.421321451663970947e+00
4.721596240997314453e+00
3.818310201168060303e+00
3.584309518337249756e+00
4.481194317340850830e+00
4.357631951570510864e+00
3.710284680128097534e+00
4.566198438405990601e+00
4.014195501804351807e+00
4.715464711189270020e+00
4.650029540061950684e+00
4.482181966304779053e+00
4.241584390401840210e+00
3.544886559247970581e+00
3.298800438642501831e+00
4.055953919887542725e+00
4.183883070945739746e+00
4.766702651977539062e+00
4.011028110980987549e+00
3.665279969573020935e+00
4.118636995553970337e+00
4.392412751913070679e+00
4.749906957149505615e+00
4.225393831729888916e+00
4.327972680330276489e+00
4.065625220537185669e+00
4.397256970405578613e+00
3.786017447710037231e+00
4.397341907024383545e+00
3.757366389036178589e+00
3.763881176710128784e+00
4.740085899829864502e+00
4.393658190965652466e+00
4.748822152614593506e+00
4.183199554681777954e+00
4.180932492017745972e+00
4.306181520223617554e+00
4.261626154184341431e+00
3.735342323780059814e+00
4.113662540912628174e+00
4.148798882961273193e+00
4.587541818618774414e+00
3.701850026845932007e+00
4.375469982624053955e+00
3.910071551799774170e+00
4.234531819820404053e+00
4.249684512615203857e+00
4.140843152999877930e+00
4.519697278738021851e+00
4.477700591087341309e+00
4.467774778604507446e+00
4.479600340127944946e+00
4.151125103235244751e+00
4.467574805021286011e+00
3.883710205554962158e+00
4.265630096197128296e+00
4.563533365726470947e+00
3.476993143558502197e+00
4.221963137388229370e+00
3.136196881532669067e+00
4.084897488355636597e+00
4.602872580289840698e+00
4.432533979415893555e+00
4.549106359481811523e+00
3.924365639686584473e+00
4.083670526742935181e+00
4.369571357965469360e+00
4.124349355697631836e+00
3.835491538047790527e+00
4.547113031148910522e+00
4.027654677629470825e+00
3.716621398925781250e+00
3.499987870454788208e+00
4.018429815769195557e+00
3.736485838890075684e+00
4.113982170820236206e+00
3.160980939865112305e+00
3.965074270963668823e+00
4.527532607316970825e+00
4.253614842891693115e+00
4.473527520895004272e+00
4.313840717077255249e+00
3.671809509396553040e+00
3.768400102853775024e+00
4.134556204080581665e+00
3.394140899181365967e+00
4.397273957729339600e+00
3.520534113049507141e+00
4.265721589326858521e+00
4.064029306173324585e+00
4.051212221384048462e+00
4.172112047672271729e+00
4.549771547317504883e+00
4.356513470411300659e+00
3.456402570009231567e+00
3.484604060649871826e+00
4.314832985401153564e+00
3.557051122188568115e+00
4.044562280178070068e+00
4.387637376785278320e+00
4.642422795295715332e+00
3.689155131578445435e+00
4.378790706396102905e+00
4.520239979028701782e+00
4.401382803916931152e+00
3.126665800809860229e+00
4.486506432294845581e+00
4.464432299137115479e+00
4.205345809459686279e+00
4.378497004508972168e+00
4.051987379789352417e+00
4.108090996742248535e+00
4.651364088058471680e+00
4.009723365306854248e+00
4.033947885036468506e+00
4.179260134696960449e+00
4.654019773006439209e+00
3.599916845560073853e+00
3.849361389875411987e+00
4.547148048877716064e+00
4.098198115825653076e+00
4.545432031154632568e+00
4.893030971288681030e+00
4.131637960672378540e+00
4.547947198152542114e+00
4.298207461833953857e+00
3.628763109445571899e+00
4.552180022001266479e+00
3.212437480688095093e+00
4.736909419298171997e+00
4.710446894168853760e+00
3.712503463029861450e+00
3.816073685884475708e+00
3.870577067136764526e+00
4.624418020248413086e+00
3.854855000972747803e+00
4.056171327829360962e+00
3.857550472021102905e+00
3.534709662199020386e+00
4.201781451702117920e+00
4.254978299140930176e+00
4.065187573432922363e+00
3.656444773077964783e+00
3.484000861644744873e+00
4.276313781738281250e+00
3.510154485702514648e+00
4.352821707725524902e+00
3.720364272594451904e+00
4.252850115299224854e+00
4.185289889574050903e+00
3.544764965772628784e+00
3.955444097518920898e+00
3.988758921623229980e+00
3.356823623180389404e+00
4.240880757570266724e+00
4.727713018655776978e+00
3.510224074125289917e+00
4.070893079042434692e+00
3.451025784015655518e+00
4.395430237054824829e+00
4.219777435064315796e+00
4.165835231542587280e+00
3.853978216648101807e+00
4.347297996282577515e+00
4.238322526216506958e+00
4.515237063169479370e+00
3.339437618851661682e+00
3.691277503967285156e+00
4.538210630416870117e+00
3.332728669047355652e+00
4.317923933267593384e+00
4.043869674205780029e+00
3.209231495857238770e+00
4.054693579673767090e+00
3.945912122726440430e+00
3.493455871939659119e+00
4.073674380779266357e+00
4.493036270141601562e+00
3.940564692020416260e+00
3.795007467269897461e+00
3.974659442901611328e+00
3.389860391616821289e+00
4.131141602993011475e+00
3.014906086027622223e+00
3.896186351776123047e+00
3.650018796324729919e+00
4.182243198156356812e+00
4.198382347822189331e+00
3.980323374271392822e+00
4.466287493705749512e+00
4.433602839708328247e+00
4.015486687421798706e+00
3.750707507133483887e+00
3.457929939031600952e+00
3.842058777809143066e+00
4.556912332773208618e+00
3.473636358976364136e+00
4.331612735986709595e+00
3.646513521671295166e+00
4.101356118917465210e+00
2.896730005741119385e+00
3.533936142921447754e+00
4.373702704906463623e+00
4.598649293184280396e+00
4.232805669307708740e+00
2.929184511303901672e+00
2.799715865403413773e+00
3.988867700099945068e+00
3.480368182063102722e+00
2.515254849568009377e+00
3.544179424643516541e+00
2.854281961917877197e+00
4.309571236371994019e+00
3.522744029760360718e+00
3.207652047276496887e+00
3.458249345421791077e+00
2.974424287676811218e+00
3.084003329277038574e+00
3.246138542890548706e+00
3.857381492853164673e+00
2.508041188120841980e+00
3.555945008993148804e+00
4.126038700342178345e+00
3.013210333883762360e+00
2.923760674893856049e+00
3.841037154197692871e+00
4.184398800134658813e+00
3.523077070713043213e+00
3.991531431674957275e+00
3.514793440699577332e+00
3.191428408026695251e+00
3.748498633503913879e+00
3.894872963428497314e+00
4.026918709278106689e+00
3.161180615425109863e+00
4.066184014081954956e+00
4.142475873231887817e+00
3.322869911789894104e+00
3.428238406777381897e+00
3.398919031023979187e+00
3.421828225255012512e+00
3.358414396643638611e+00
4.011458307504653931e+00
3.726495280861854553e+00
3.537183925509452820e+00
3.879249393939971924e+00
4.196692109107971191e+00
2.769457958638668060e+00
3.392399996519088745e+00
2.814404219388961792e+00
2.986245006322860718e+00
3.715661019086837769e+00
3.493643701076507568e+00
2.915406748652458191e+00
4.237319380044937134e+00
3.892271071672439575e+00
4.262224137783050537e+00
3.554513156414031982e+00
4.007585048675537109e+00
3.899239897727966309e+00
3.559698611497879028e+00
4.327838867902755737e+00
3.807975798845291138e+00
3.224212080240249634e+00
3.117063753306865692e+00
3.372673839330673218e+00
3.838156163692474365e+00
3.803769052028656006e+00
2.954347580671310425e+00
3.509162217378616333e+00
3.095380812883377075e+00
2.918075732886791229e+00
3.741742745041847229e+00
3.167645111680030823e+00
3.719364330172538757e+00
3.903418481349945068e+00
3.652709275484085083e+00
3.858408182859420776e+00
3.978046923875808716e+00
3.111555241048336029e+00
4.259070456027984619e+00
3.191711306571960449e+00
3.281455412507057190e+00
3.338082060217857361e+00
4.023825824260711670e+00
3.658758699893951416e+00
3.642840608954429626e+00
4.047033190727233887e+00
3.984348773956298828e+00
2.454977575689554214e+00
3.430449813604354858e+00
3.255681842565536499e+00
3.091234937310218811e+00
3.901816606521606445e+00
3.320217058062553406e+00
3.843189328908920288e+00
3.177556321024894714e+00
2.529003922827541828e+00
3.023770786821842194e+00
3.264727592468261719e+00
3.880489319562911987e+00
4.101981967687606812e+00
3.814562261104583740e+00
4.362012594938278198e+00
3.789990842342376709e+00
3.858662992715835571e+00
3.713670745491981506e+00
3.697163611650466919e+00
2.863938212394714355e+00
3.153640106320381165e+00
3.816380202770233154e+00
3.853743821382522583e+00
3.419741541147232056e+00
3.685750365257263184e+00
2.846114523708820343e+00
3.064345978200435638e+00
2.826232202351093292e+00
3.760729730129241943e+00
3.772493600845336914e+00
3.765093684196472168e+00
3.534182757139205933e+00
4.228659421205520630e+00
3.762977123260498047e+00
3.501534610986709595e+00
3.356727734208106995e+00
2.990526966750621796e+00
3.089747168123722076e+00
3.014892376959323883e+00
4.175949394702911377e+00
3.108587265014648438e+00
3.594824746251106262e+00
3.045620694756507874e+00
3.237165063619613647e+00
3.207311928272247314e+00
2.715127859264612198e+00
3.553043156862258911e+00
4.015381783246994019e+00
4.001193642616271973e+00
3.852447718381881714e+00
3.395640850067138672e+00
3.452457413077354431e+00
3.417169898748397827e+00
3.716160655021667480e+00
3.060418441891670227e+00
3.524565994739532471e+00
3.880536556243896484e+00
3.766534626483917236e+00
3.652250096201896667e+00
3.534174710512161255e+00
3.670317605137825012e+00
3.201980292797088623e+00
3.545610159635543823e+00
3.736222684383392334e+00
4.033922106027603149e+00
3.946597725152969360e+00
3.920733928680419922e+00
3.959296345710754395e+00
3.661542087793350220e+00
2.838524244725704193e+00
4.050529003143310547e+00
3.011080101132392883e+00
2.445237319916486740e+00
2.924819104373455048e+00
4.070733785629272461e+00
2.788745351135730743e+00
2.621091855689883232e+00
2.975267618894577026e+00
2.998229414224624634e+00
4.188565462827682495e+00
3.279646188020706177e+00
3.220312893390655518e+00
3.650618344545364380e+00
3.133540228009223938e+00
3.973382264375686646e+00
3.992151468992233276e+00
2.964081689715385437e+00
3.773796707391738892e+00
3.075458332896232605e+00
4.133019149303436279e+00
3.338640108704566956e+00
3.313352838158607483e+00
3.772979229688644409e+00
3.164745643734931946e+00
3.119583018124103546e+00
3.797852098941802979e+00
3.476014584302902222e+00
3.249829113483428955e+00
3.746460527181625366e+00
4.299465566873550415e+00
3.692791908979415894e+00
2.488513467833399773e+00
2.386455116793513298e+00
4.157643765211105347e+00
3.183245360851287842e+00
2.661852072924375534e+00
3.037284165620803833e+00
4.145051389932632446e+00
4.346528053283691406e+00
2.517214342951774597e+00
3.567830473184585571e+00
3.029163889586925507e+00
3.718162998557090759e+00
4.152686148881912231e+00
2.357097510248422623e+00
