2.914580479264259338e+00
3.742619901895523071e+00
3.129555955529212952e+00
3.568882346153259277e+00
4.725426882505416870e+00
2.986795231699943542e+00
3.085013180971145630e+00
2.947949357330799103e+00
4.666096419095993042e+00
3.171565011143684387e+00
3.386698961257934570e+00
2.826657481491565704e+00
4.509400725364685059e+00
3.809170573949813843e+00
4.505071341991424561e+00
4.444855153560638428e+00
2.927740067243576050e+00
3.122731149196624756e+00
3.399327546358108521e+00
3.354862555861473083e+00
4.921139180660247803e+00
3.881344795227050781e+00
3.647048026323318481e+00
4.868194460868835449e+00
2.685794010758399963e+00
2.883156128227710724e+00
4.864995926618576050e+00
4.464404881000518799e+00
3.589165955781936646e+00
4.119407683610916138e+00
3.017429113388061523e+00
3.156649395823478699e+00
3.586980253458023071e+00
3.585148528218269348e+00
3.107690140604972839e+00
2.885952815413475037e+00
3.908780962228775024e+00
4.402486085891723633e+00
3.924582451581954956e+00
3.387149646878242493e+00
3.736397325992584229e+00
3.599642664194107056e+00
3.240803033113479614e+00
3.204369619488716125e+00
4.408936798572540283e+00
3.637364506721496582e+00
2.968763634562492371e+00
4.828520566225051880e+00
3.804264515638351440e+00
3.581079393625259399e+00
3.483167588710784912e+00
2.994577214121818542e+00
3.121574558317661285e+00
3.638733923435211182e+00
4.544049948453903198e+00
3.435925617814064026e+00
3.101605400443077087e+00
3.490663245320320129e+00
4.019466936588287354e+00
3.685665950179100037e+00
3.516956716775894165e+00
4.180955737829208374e+00
3.628224432468414307e+00
3.028554096817970276e+00
4.018014967441558838e+00
3.426807522773742676e+00
4.646336436271667480e+00
4.812350124120712280e+00
3.422126844525337219e+00
3.481221348047256470e+00
4.236081838607788086e+00
3.292722478508949280e+00
3.087561652064323425e+00
3.349337056279182434e+00
3.341084718704223633e+00
3.202190026640892029e+00
3.512750342488288879e+00
3.258394151926040649e+00
3.017612472176551819e+00
3.943472951650619507e+00
3.945267647504806519e+00
4.050306677818298340e+00
3.369144871830940247e+00
4.794431328773498535e+00
3.193183839321136475e+00
3.399952575564384460e+00
2.876927219331264496e+00
4.281157702207565308e+00
4.859467148780822754e+00
3.158189654350280762e+00
2.957683242857456207e+00
3.173722699284553528e+00
3.565476834774017334e+00
3.109895326197147369e+00
3.620264679193496704e+00
3.829312026500701904e+00
3.072650916874408722e+00
3.429945260286331177e+00
2.971657514572143555e+00
3.519871383905410767e+00
3.752076923847198486e+00
4.898179918527603149e+00
3.945273756980895996e+00
2.911268919706344604e+00
3.397892042994499207e+00
2.961938902735710144e+00
4.701359421014785767e+00
4.670903086662292480e+00
3.729929774999618530e+00
4.114362597465515137e+00
3.258974179625511169e+00
3.743454292416572571e+00
3.090720921754837036e+00
3.247233629226684570e+00
4.167718589305877686e+00
3.479321822524070740e+00
3.899562507867813110e+00
3.289859890937805176e+00
3.146553486585617065e+00
3.179593384265899658e+00
3.584835082292556763e+00
4.037172496318817139e+00
3.076067306101322174e+00
3.564257994294166565e+00
3.579071834683418274e+00
3.804176151752471924e+00
2.995913699269294739e+00
3.007795549929141998e+00
3.292778432369232178e+00
3.030638657510280609e+00
3.856165707111358643e+00
3.818250894546508789e+00
3.785891532897949219e+00
3.502535149455070496e+00
4.139280319213867188e+00
3.245723247528076172e+00
4.874173104763031006e+00
4.792814403772354126e+00
3.313480094075202942e+00
4.066480845212936401e+00
3.014885932207107544e+00
3.598267287015914917e+00
4.779439419507980347e+00
4.745724648237228394e+00
4.255557507276535034e+00
3.847666084766387939e+00
3.514705300331115723e+00
4.044502973556518555e+00
3.602522462606430054e+00
3.663534298539161682e+00
3.720237538218498230e+00
3.070248886942863464e+00
4.876648187637329102e+00
3.087785765528678894e+00
3.256655037403106689e+00
4.722259044647216797e+00
3.102402947843074799e+00
2.917505055665969849e+00
3.314679935574531555e+00
3.196402937173843384e+00
3.749767020344734192e+00
4.256773889064788818e+00
3.174800127744674683e+00
3.182568028569221497e+00
3.717793524265289307e+00
3.375660777091979980e+00
3.338260501623153687e+00
3.076453730463981628e+00
3.071940317749977112e+00
3.463534712791442871e+00
3.398809060454368591e+00
3.796321600675582886e+00
3.773543536663055420e+00
3.255401998758316040e+00
3.166976198554039001e+00
4.748642295598983765e+00
3.315341919660568237e+00
3.566219955682754517e+00
4.547531902790069580e+00
4.541584402322769165e+00
4.116567224264144897e+00
2.845772281289100647e+00
3.057492822408676147e+00
3.305267021059989929e+00
3.093057945370674133e+00
3.210989832878112793e+00
3.867895454168319702e+00
3.344739004969596863e+00
3.087345212697982788e+00
3.346833437681198120e+00
4.031805247068405151e+00
3.153661191463470459e+00
2.832896709442138672e+00
3.128146305680274963e+00
2.915609292685985565e+00
4.494542479515075684e+00
3.325986713171005249e+00
3.202249333262443542e+00
3.274694681167602539e+00
3.836212158203125000e+00
3.790025115013122559e+00
4.487414509057998657e+00
3.988716900348663330e+00
3.365926444530487061e+00
3.178211078047752380e+00
3.796346783638000488e+00
4.402601122856140137e+00
3.786579221487045288e+00
3.549375683069229126e+00
4.730210453271865845e+00
4.175778776407241821e+00
3.571448996663093567e+00
3.526750057935714722e+00
3.080747500061988831e+00
3.340713903307914734e+00
3.591599315404891968e+00
3.748460114002227783e+00
3.173535913228988647e+00
3.422714918851852417e+00
3.401085585355758667e+00
3.489782959222793579e+00
4.288237094879150391e+00
4.014544934034347534e+00
4.918677359819412231e+00
3.751787990331649780e+00
3.033016361296176910e+00
3.309942483901977539e+00
2.960681170225143433e+00
3.755779117345809937e+00
3.730100542306900024e+00
4.400649666786193848e+00
3.473218008875846863e+00
4.808484464883804321e+00
3.106926195323467255e+00
3.393007218837738037e+00
3.101247958838939667e+00
3.942471295595169067e+00
3.005620054900646210e+00
3.459110110998153687e+00
3.525444567203521729e+00
4.644853174686431885e+00
4.538436233997344971e+00
3.325401693582534790e+00
4.033807218074798584e+00
2.783445566892623901e+00
3.906391263008117676e+00
3.721599727869033813e+00
4.056362211704254150e+00
3.195108398795127869e+00
4.932965338230133057e+00
3.411058261990547180e+00
3.000090569257736206e+00
3.515803515911102295e+00
3.059622384607791901e+00
3.087990656495094299e+00
3.629491850733757019e+00
3.160497024655342102e+00
4.290710985660552979e+00
4.115845263004302979e+00
2.839813940227031708e+00
3.558926135301589966e+00
4.504674673080444336e+00
3.419539406895637512e+00
3.944009691476821899e+00
3.073879778385162354e+00
3.361659049987792969e+00
3.591500446200370789e+00
3.528179600834846497e+00
3.151355460286140442e+00
4.597228914499282837e+00
2.977810055017471313e+00
3.320214226841926575e+00
4.555112123489379883e+00
3.499172329902648926e+00
3.028821945190429688e+00
2.921923622488975525e+00
3.401115164160728455e+00
3.350309431552886963e+00
3.797916918992996216e+00
4.682973325252532959e+00
3.567731752991676331e+00
3.131849169731140137e+00
3.063444420695304871e+00
4.501281082630157471e+00
3.754705041646957397e+00
3.165009021759033203e+00
3.798253238201141357e+00
3.238371238112449646e+00
3.525335937738418579e+00
3.630591854453086853e+00
3.441412374377250671e+00
3.839719593524932861e+00
4.330878257751464844e+00
3.233077600598335266e+00
3.673016354441642761e+00
3.199563473463058472e+00
3.647783622145652771e+00
3.751710802316665649e+00
2.903086878359317780e+00
3.061603903770446777e+00
3.743609040975570679e+00
4.565997868776321411e+00
2.912788502871990204e+00
3.290164992213249207e+00
3.495121672749519348e+00
4.898039996623992920e+00
3.557129576802253723e+00
2.783506698906421661e+00
2.954588569700717926e+00
4.929974526166915894e+00
3.536359742283821106e+00
3.792953491210937500e+00
2.979467064142227173e+00
4.932161271572113037e+00
3.216128945350646973e+00
3.319687172770500183e+00
3.268289268016815186e+00
3.037748001515865326e+00
3.789526969194412231e+00
3.868174850940704346e+00
2.940190210938453674e+00
3.136138543486595154e+00
2.747118640691041946e+00
3.608053326606750488e+00
3.248144462704658508e+00
3.061804063618183136e+00
3.403722271323204041e+00
3.204003423452377319e+00
3.501641377806663513e+00
3.478827401995658875e+00
3.188934177160263062e+00
3.261799886822700500e+00
2.962128892540931702e+00
3.506268486380577087e+00
4.227573871612548828e+00
3.540639057755470276e+00
3.409974351525306702e+00
3.124126493930816650e+00
3.619230464100837708e+00
4.485732465982437134e+00
3.505719006061553955e+00
3.240323662757873535e+00
3.346273154020309448e+00
3.019752427935600281e+00
4.099201411008834839e+00
2.765257209539413452e+00
4.114547073841094971e+00
3.041113838553428650e+00
3.049767315387725830e+00
3.132825121283531189e+00
3.303944021463394165e+00
3.465099930763244629e+00
4.398961812257766724e+00
3.080620020627975464e+00
3.690994679927825928e+00
3.039983361959457397e+00
3.798102736473083496e+00
2.893196120858192444e+00
3.372934013605117798e+00
4.013833403587341309e+00
3.761024922132492065e+00
3.736764043569564819e+00
3.016188666224479675e+00
3.209332451224327087e+00
3.237652927637100220e+00
3.007306009531021118e+00
3.316926062107086182e+00
3.494967296719551086e+00
3.523954302072525024e+00
3.992713540792465210e+00
4.231155067682266235e+00
3.025994300842285156e+00
2.933567762374877930e+00
3.206156715750694275e+00
3.520644754171371460e+00
3.278054222464561462e+00
4.531200677156448364e+00
3.511377573013305664e+00
3.682973086833953857e+00
3.147280067205429077e+00
3.264046758413314819e+00
3.922640532255172729e+00
3.959188461303710938e+00
3.730871230363845825e+00
3.507364764809608459e+00
4.945657849311828613e+00
2.981550209224224091e+00
3.311898931860923767e+00
3.624478653073310852e+00
4.027038812637329102e+00
2.940905652940273285e+00
3.192918002605438232e+00
3.251023516058921814e+00
2.921843715012073517e+00
3.074506893754005432e+00
3.094310872256755829e+00
4.959158152341842651e+00
3.553071767091751099e+00
3.371306210756301880e+00
4.527477174997329712e+00
3.796566128730773926e+00
3.097575046122074127e+00
3.422440364956855774e+00
2.745528798550367355e+00
4.522047936916351318e+00
3.797949403524398804e+00
4.274084717035293579e+00
3.599141761660575867e+00
3.081237450242042542e+00
2.945329211652278900e+00
4.335387200117111206e+00
3.445387184619903564e+00
3.394822180271148682e+00
3.033735193312168121e+00
4.681988209486007690e+00
3.779685497283935547e+00
3.412236869335174561e+00
4.691282510757446289e+00
3.365323171019554138e+00
3.159699812531471252e+00
3.013382777571678162e+00
4.661726504564285278e+00
3.031798936426639557e+00
3.045977912843227386e+00
3.776087611913681030e+00
3.330348357558250427e+00
3.523435071110725403e+00
3.668535053730010986e+00
3.166319876909255981e+00
3.749735951423645020e+00
3.525386452674865723e+00
3.848456740379333496e+00
4.744125306606292725e+00
3.780959397554397583e+00
3.373080268502235413e+00
2.837030328810214996e+00
4.038583636283874512e+00
3.584362491965293884e+00
3.175973147153854370e+00
2.986772917211055756e+00
3.307757675647735596e+00
4.776003807783126831e+00
2.847550064325332642e+00
3.518607616424560547e+00
3.180370628833770752e+00
4.070630073547363281e+00
3.761986345052719116e+00
4.699837118387222290e+00
3.241806179285049438e+00
3.688659146428108215e+00
4.041860252618789673e+00
3.551427945494651794e+00
3.225373178720474243e+00
3.424090817570686340e+00
3.369473740458488464e+00
2.982185296714305878e+00
3.205420896410942078e+00
2.835583873093128204e+00
2.819417454302310944e+00
3.907044827938079834e+00
3.018559888005256653e+00
3.283481523394584656e+00
3.332347720861434937e+00
3.178208470344543457e+00
3.023081645369529724e+00
4.620424211025238037e+00
3.364469707012176514e+00
3.429620862007141113e+00
3.512835055589675903e+00
2.847319319844245911e+00
3.508850336074829102e+00
3.620810955762863159e+00
3.899452239274978638e+00
3.815706223249435425e+00
4.138155877590179443e+00
4.762876629829406738e+00
3.149374425411224365e+00
3.443405032157897949e+00
3.461609259247779846e+00
3.220132738351821899e+00
3.744333535432815552e+00
3.496940806508064270e+00
3.384264260530471802e+00
2.885215356945991516e+00
2.944866232573986053e+00
3.339223191142082214e+00
3.045898750424385071e+00
2.982103601098060608e+00
3.112472891807556152e+00
3.453209400177001953e+00
4.444762468338012695e+00
4.667784273624420166e+00
2.992520891129970551e+00
3.720574304461479187e+00
4.577807486057281494e+00
3.828773349523544312e+00
4.730160236358642578e+00
3.568123281002044678e+00
3.705816417932510376e+00
3.644817695021629333e+00
3.199384510517120361e+00
3.535087853670120239e+00
3.135364875197410583e+00
3.906863778829574585e+00
3.383686318993568420e+00
4.927657246589660645e+00
3.404386267066001892e+00
4.037166982889175415e+00
4.041370153427124023e+00
3.009616769850254059e+00
3.325739949941635132e+00
3.562379479408264160e+00
2.815072350203990936e+00
2.905411757528781891e+00
4.153576940298080444e+00
3.650569468736648560e+00
3.407070189714431763e+00
3.485379517078399658e+00
3.201311975717544556e+00
3.126264140009880066e+00
3.171853050589561462e+00
3.651101589202880859e+00
3.074018880724906921e+00
3.457002341747283936e+00
3.551249355077743530e+00
3.603806942701339722e+00
3.542850762605667114e+00
3.603663519024848938e+00
3.823521137237548828e+00
3.138898611068725586e+00
3.644620403647422791e+00
3.702899888157844543e+00
3.085244670510292053e+00
3.840816617012023926e+00
3.191338181495666504e+00
3.889334350824356079e+00
4.780823439359664917e+00
2.817505821585655212e+00
2.860306724905967712e+00
3.688116595149040222e+00
2.806534022092819214e+00
3.736990690231323242e+00
3.553176373243331909e+00
3.600596860051155090e+00
3.367203474044799805e+00
3.532067462801933289e+00
3.333385139703750610e+00
3.172349780797958374e+00
4.188056588172912598e+00
4.144072234630584717e+00
3.994366079568862915e+00
4.252400696277618408e+00
3.917703181505203247e+00
3.070603683590888977e+00
3.253373131155967712e+00
2.794109340757131577e+00
4.575751125812530518e+00
2.980560958385467529e+00
3.173888698220252991e+00
3.118532486259937286e+00
3.259721919894218445e+00
2.890832535922527313e+00
3.040681742131710052e+00
3.827516287565231323e+00
3.755159378051757812e+00
3.423556610941886902e+00
4.346619099378585815e+00
3.663696870207786560e+00
3.361722752451896667e+00
3.365469202399253845e+00
4.595285207033157349e+00
4.757951647043228149e+00
3.235009685158729553e+00
3.313862159848213196e+00
3.113838732242584229e+00
3.153073191642761230e+00
3.014495894312858582e+00
3.683427125215530396e+00
3.439206182956695557e+00
4.423716366291046143e+00
2.990389540791511536e+00
4.735577404499053955e+00
3.036547489464282990e+00
3.608231693506240845e+00
3.703012987971305847e+00
3.391459435224533081e+00
3.161989226937294006e+00
3.368837758898735046e+00
3.024448752403259277e+00
4.612614810466766357e+00
3.406184166669845581e+00
4.531407505273818970e+00
3.255611956119537354e+00
4.061186015605926514e+00
3.118541017174720764e+00
3.395472988486289978e+00
4.214939326047897339e+00
4.009168297052383423e+00
3.554860427975654602e+00
3.228527754545211792e+00
3.616594150662422180e+00
3.673394843935966492e+00
3.225728869438171387e+00
4.727038443088531494e+00
3.459433615207672119e+00
3.085877075791358948e+00
3.109384439885616302e+00
3.437251523137092590e+00
3.703803047537803650e+00
3.731158077716827393e+00
3.475462198257446289e+00
3.637876436114311218e+00
3.314229473471641541e+00
2.874042056500911713e+00
3.604425266385078430e+00
4.647047221660614014e+00
4.827335178852081299e+00
4.807036221027374268e+00
2.898286767303943634e+00
3.300715386867523193e+00
3.089273832738399506e+00
3.155872449278831482e+00
4.750171154737472534e+00
3.873815089464187622e+00
3.891336768865585327e+00
3.763184845447540283e+00
2.875682339072227478e+00
3.484721630811691284e+00
3.533224314451217651e+00
4.237979948520660400e+00
2.974618375301361084e+00
3.916700482368469238e+00
4.807560145854949951e+00
3.863517940044403076e+00
3.437846153974533081e+00
3.521720543503761292e+00
3.317826539278030396e+00
3.964058458805084229e+00
3.694689124822616577e+00
3.923678398132324219e+00
3.198802322149276733e+00
3.435845375061035156e+00
4.385158419609069824e+00
3.598231524229049683e+00
3.141424655914306641e+00
3.656987845897674561e+00
3.714287057518959045e+00
3.903110921382904053e+00
3.223614543676376343e+00
3.352620974183082581e+00
3.876541405916213989e+00
3.541474491357803345e+00
4.407670050859451294e+00
3.140075132250785828e+00
3.631720766425132751e+00
2.837467119097709656e+00
4.490901976823806763e+00
2.974156625568866730e+00
4.229128360748291016e+00
3.724803328514099121e+00
3.586175292730331421e+00
3.067393824458122253e+00
4.745904207229614258e+00
3.695173561573028564e+00
3.606387823820114136e+00
3.411073610186576843e+00
4.170337021350860596e+00
3.178768008947372437e+00
3.760471045970916748e+00
3.874437808990478516e+00
3.777615278959274292e+00
3.330383896827697754e+00
4.588485360145568848e+00
2.896509543061256409e+00
3.240169659256935120e+00
4.809420555830001831e+00
3.046600148081779480e+00
4.127091914415359497e+00
4.505094438791275024e+00
3.022189736366271973e+00
2.829338274896144867e+00
3.172626718878746033e+00
3.834382593631744385e+00
3.667336329817771912e+00
3.456371054053306580e+00
2.736729290336370468e+00
4.091542065143585205e+00
3.559590429067611694e+00
3.118225745856761932e+00
3.334546908736228943e+00
3.253462016582489014e+00
3.806873559951782227e+00
2.958093881607055664e+00
3.226399794220924377e+00
4.079944789409637451e+00
3.638214021921157837e+00
3.245822861790657043e+00
3.163208737969398499e+00
3.571251779794692993e+00
4.521578550338745117e+00
3.215952813625335693e+00
3.292510434985160828e+00
3.146048262715339661e+00
4.201445281505584717e+00
3.449673801660537720e+00
4.455989599227905273e+00
3.647783622145652771e+00
3.447549045085906982e+00
3.231036290526390076e+00
3.231571316719055176e+00
3.168272227048873901e+00
3.384732604026794434e+00
4.320037961006164551e+00
3.404435068368911743e+00
3.800100386142730713e+00
3.077192977070808411e+00
3.103209286928176880e+00
3.171597719192504883e+00
3.814186900854110718e+00
3.517346084117889404e+00
3.246841505169868469e+00
3.681846112012863159e+00
2.926610894501209259e+00
3.674865812063217163e+00
3.109121434390544891e+00
3.243681713938713074e+00
3.545583784580230713e+00
3.291529566049575806e+00
3.099168017506599426e+00
3.375242352485656738e+00
3.183458149433135986e+00
4.839350283145904541e+00
3.052015565335750580e+00
4.472766518592834473e+00
3.654266372323036194e+00
2.881245948374271393e+00
3.810741305351257324e+00
3.866452127695083618e+00
3.126992881298065186e+00
3.825448453426361084e+00
3.560560718178749084e+00
2.762858141213655472e+00
4.779358953237533569e+00
4.646874219179153442e+00
3.439891785383224487e+00
4.367299973964691162e+00
3.425248637795448303e+00
3.153693601489067078e+00
2.843615300953388214e+00
3.527361899614334106e+00
4.686483740806579590e+00
3.272763118147850037e+00
4.394616186618804932e+00
3.316494226455688477e+00
3.425097018480300903e+00
2.652971502393484116e+00
3.283715918660163879e+00
3.533158302307128906e+00
4.136555194854736328e+00
3.284390717744827271e+00
3.090436086058616638e+00
4.771214425563812256e+00
2.865851409733295441e+00
3.439583107829093933e+00
3.477866798639297485e+00
4.862922430038452148e+00
3.705962449312210083e+00
2.681101299822330475e+00
3.171946927905082703e+00
4.421930313110351562e+00
3.493664711713790894e+00
4.767739176750183105e+00
3.170771747827529907e+00
4.841422438621520996e+00
2.991276457905769348e+00
2.977859303355216980e+00
3.784915804862976074e+00
3.343289196491241455e+00
4.011887907981872559e+00
4.242088049650192261e+00
3.806058913469314575e+00
3.958256095647811890e+00
3.487078696489334106e+00
3.288279771804809570e+00
4.420307129621505737e+00
3.029947839677333832e+00
4.290608912706375122e+00
4.678639471530914307e+00
2.978208698332309723e+00
3.192306011915206909e+00
4.568571150302886963e+00
2.715047374367713928e+00
2.755521629005670547e+00
3.285695463418960571e+00
3.016432225704193115e+00
2.557748267427086830e+00
2.674599029123783112e+00
4.885339587926864624e+00
2.887971810996532440e+00
3.278267681598663330e+00
3.953529149293899536e+00
3.583285063505172729e+00
3.253065869212150574e+00
3.356838226318359375e+00
2.920462824404239655e+00
3.422055989503860474e+00
3.404412046074867249e+00
2.857265621423721313e+00
3.850624263286590576e+00
2.989238649606704712e+00
3.551880121231079102e+00
3.278858736157417297e+00
3.062774576246738434e+00
3.554651662707328796e+00
3.244959488511085510e+00
3.524612560868263245e+00
3.004013262689113617e+00
3.400780335068702698e+00
4.053540527820587158e+00
4.771976172924041748e+00
3.497093841433525085e+00
4.466484487056732178e+00
3.585080727934837341e+00
4.676632881164550781e+00
4.526898711919784546e+00
2.976636663079261780e+00
3.590756207704544067e+00
2.915623523294925690e+00
4.002064168453216553e+00
4.531786441802978516e+00
3.152768015861511230e+00
3.207973316311836243e+00
3.545347824692726135e+00
2.968932129442691803e+00
4.643701612949371338e+00
3.904684484004974365e+00
3.246677145361900330e+00
3.549599498510360718e+00
3.473444506525993347e+00
4.606701284646987915e+00
3.387656360864639282e+00
3.307210057973861694e+00
2.960801012814044952e+00
4.533839970827102661e+00
4.671479165554046631e+00
2.702945545315742493e+00
3.401018381118774414e+00
2.871717549860477448e+00
4.571437239646911621e+00
3.895674794912338257e+00
3.524586856365203857e+00
2.868365682661533356e+00
3.282507807016372681e+00
3.221095427870750427e+00
2.785013783723115921e+00
4.174638092517852783e+00
3.565146625041961670e+00
4.805843383073806763e+00
4.824575483798980713e+00
3.456034064292907715e+00
4.015572816133499146e+00
3.751218020915985107e+00
2.977071367204189301e+00
4.259191155433654785e+00
4.385736882686614990e+00
3.590768501162528992e+00
3.782584965229034424e+00
4.393202811479568481e+00
4.248263239860534668e+00
2.922174409031867981e+00
3.100978285074234009e+00
2.952569946646690369e+00
3.538275212049484253e+00
2.824375703930854797e+00
3.121172003448009491e+00
3.129650056362152100e+00
3.808522373437881470e+00
4.130432456731796265e+00
3.499283790588378906e+00
4.728058576583862305e+00
3.434009999036788940e+00
3.210645243525505066e+00
4.275323599576950073e+00
3.658698648214340210e+00
4.949147105216979980e+00
3.072358369827270508e+00
3.579493239521980286e+00
4.862063229084014893e+00
4.163475930690765381e+00
3.559074774384498596e+00
4.524305760860443115e+00
3.695160299539566040e+00
3.202484026551246643e+00
3.198880851268768311e+00
2.612753761932253838e+00
3.166118785738945007e+00
4.130501747131347656e+00
4.826059341430664062e+00
3.057021051645278931e+00
3.788596838712692261e+00
3.595161437988281250e+00
4.542280435562133789e+00
2.922779433429241180e+00
3.399103358387947083e+00
3.373129293322563171e+00
3.039639741182327271e+00
4.060768485069274902e+00
2.962382361292839050e+00
3.154982402920722961e+00
2.979928925633430481e+00
4.054302871227264404e+00
4.221994876861572266e+00
4.223225712776184082e+00
3.130640462040901184e+00
2.870310470461845398e+00
3.545508086681365967e+00
4.964867383241653442e+00
2.912811152637004852e+00
3.414218276739120483e+00
3.402154743671417236e+00
4.189263731241226196e+00
3.654949739575386047e+00
3.081951439380645752e+00
3.552012220025062561e+00
3.217534944415092468e+00
3.700077757239341736e+00
3.789501488208770752e+00
2.972407825291156769e+00
4.956834316253662109e+00
3.759619593620300293e+00
3.304728269577026367e+00
4.199819564819335938e+00
3.163513839244842529e+00
3.384922817349433899e+00
3.654156923294067383e+00
4.555897414684295654e+00
3.113038241863250732e+00
3.342260569334030151e+00
3.526455909013748169e+00
3.996973335742950439e+00
3.740456402301788330e+00
4.650711864233016968e+00
3.466939628124237061e+00
3.638385310769081116e+00
3.048624135553836823e+00
3.258328288793563843e+00
3.286319971084594727e+00
3.175419420003890991e+00
3.215952813625335693e+00
2.678967937827110291e+00
3.340994715690612793e+00
3.074481040239334106e+00
3.276246562600135803e+00
3.019483909010887146e+00
3.649324625730514526e+00
4.333942681550979614e+00
4.092886000871658325e+00
2.942117415368556976e+00
3.054982274770736694e+00
3.694689124822616577e+00
3.162727057933807373e+00
4.176357984542846680e+00
3.495861962437629700e+00
2.770632226020097733e+00
3.743057772517204285e+00
3.995814621448516846e+00
3.406139239668846130e+00
3.909198194742202759e+00
3.568789362907409668e+00
3.004711195826530457e+00
3.171636760234832764e+00
3.999327123165130615e+00
3.240635022521018982e+00
3.009209036827087402e+00
3.345701023936271667e+00
3.042531684041023254e+00
4.861149489879608154e+00
4.440604150295257568e+00
4.000710844993591309e+00
4.269729703664779663e+00
3.626756817102432251e+00
2.942927442491054535e+00
3.378931060433387756e+00
3.114725649356842041e+00
3.200220614671707153e+00
3.978767842054367065e+00
3.179266452789306641e+00
3.330468609929084778e+00
3.024182170629501343e+00
4.276908636093139648e+00
3.613467663526535034e+00
4.863758981227874756e+00
3.901465833187103271e+00
2.970397174358367920e+00
2.968703731894493103e+00
2.603609254583716393e+00
3.053886555135250092e+00
2.753320895135402679e+00
2.847512848675251007e+00
3.747093901038169861e+00
4.498569071292877197e+00
3.416350856423377991e+00
3.217178955674171448e+00
4.182826727628707886e+00
3.290916681289672852e+00
3.352176174521446228e+00
3.177276849746704102e+00
3.107937164604663849e+00
4.566133767366409302e+00
4.942337274551391602e+00
3.242624551057815552e+00
2.951017022132873535e+00
3.638332709670066833e+00
4.351414740085601807e+00
3.002798669040203094e+00
2.596068391576409340e+00
3.973917216062545776e+00
3.177868947386741638e+00
3.271638602018356323e+00
3.522453457117080688e+00
2.947152741253376007e+00
3.215818181633949280e+00
3.233529925346374512e+00
3.733776211738586426e+00
2.967047803103923798e+00
3.261064216494560242e+00
2.968148291110992432e+00
2.949673682451248169e+00
4.688616096973419189e+00
3.669123947620391846e+00
3.225051313638687134e+00
3.290785849094390869e+00
3.198527321219444275e+00
3.312639668583869934e+00
3.342416882514953613e+00
3.398320749402046204e+00
3.556664884090423584e+00
4.493326544761657715e+00
3.126343637704849243e+00
3.221403658390045166e+00
3.610435724258422852e+00
3.829978257417678833e+00
3.416527882218360901e+00
3.386856615543365479e+00
3.352197781205177307e+00
3.904456645250320435e+00
2.908596359193325043e+00
4.621544629335403442e+00
3.592743724584579468e+00
2.910891026258468628e+00
2.915555387735366821e+00
3.640974014997482300e+00
3.562047481536865234e+00
3.517072275280952454e+00
3.259397596120834351e+00
3.270039036870002747e+00
3.541380092501640320e+00
4.276039004325866699e+00
2.842391729354858398e+00
3.434096649289131165e+00
4.076561927795410156e+00
3.527937605977058411e+00
3.668276444077491760e+00
3.571311682462692261e+00
4.014223068952560425e+00
4.186642915010452271e+00
3.608543798327445984e+00
3.972358852624893188e+00
3.829312920570373535e+00
4.640245437622070312e+00
3.144675195217132568e+00
3.219381496310234070e+00
4.398305118083953857e+00
3.617445975542068481e+00
3.323692977428436279e+00
4.435102343559265137e+00
2.954495809972286224e+00
3.342733010649681091e+00
3.231263831257820129e+00
3.596467077732086182e+00
3.598231524229049683e+00
2.916077114641666412e+00
4.110803455114364624e+00
3.014599718153476715e+00
3.286252319812774658e+00
3.098717108368873596e+00
3.955788910388946533e+00
4.109537452459335327e+00
4.582699388265609741e+00
3.176721781492233276e+00
2.805237118154764175e+00
3.217609822750091553e+00
3.237015977501869202e+00
3.223943933844566345e+00
3.850957602262496948e+00
3.632121309638023376e+00
4.907342046499252319e+00
3.567065373063087463e+00
3.934425413608551025e+00
2.835794501006603241e+00
2.949888929724693298e+00
3.228973746299743652e+00
4.553314149379730225e+00
4.901410043239593506e+00
3.163889274001121521e+00
3.043338805437088013e+00
3.291493281722068787e+00
3.374878540635108948e+00
4.450148791074752808e+00
4.307300895452499390e+00
3.490916341543197632e+00
3.614176064729690552e+00
3.390486240386962891e+00
3.661645129323005676e+00
3.340994715690612793e+00
4.795416742563247681e+00
4.272407442331314087e+00
2.984936386346817017e+00
3.083915486931800842e+00
3.386686444282531738e+00
3.032166734337806702e+00
3.658933341503143311e+00
3.700186610221862793e+00
3.137282654643058777e+00
4.776630997657775879e+00
4.263654351234436035e+00
3.645063638687133789e+00
3.683677315711975098e+00
3.807864487171173096e+00
4.529516994953155518e+00
3.650335669517517090e+00
3.870729804039001465e+00
2.922974526882171631e+00
3.959317207336425781e+00
3.039167374372482300e+00
4.580206573009490967e+00
2.929379455745220184e+00
3.499244898557662964e+00
3.072445988655090332e+00
3.217487111687660217e+00
4.121212959289550781e+00
4.522890895605087280e+00
3.466338068246841431e+00
3.419904559850692749e+00
3.334293067455291748e+00
3.726302832365036011e+00
3.529513925313949585e+00
2.999270744621753693e+00
4.796788990497589111e+00
3.777582943439483643e+00
2.988939434289932251e+00
3.596372976899147034e+00
3.219073116779327393e+00
2.992176786065101624e+00
3.637465387582778931e+00
3.906420767307281494e+00
3.438319861888885498e+00
3.511316627264022827e+00
4.037209749221801758e+00
3.052570149302482605e+00
3.480543866753578186e+00
3.175139054656028748e+00
4.910256117582321167e+00
4.924361109733581543e+00
3.759011477231979370e+00
2.753784060478210449e+00
2.897498905658721924e+00
3.496806621551513672e+00
4.682641476392745972e+00
4.460384249687194824e+00
3.011993505060672760e+00
2.799119874835014343e+00
3.292416036128997803e+00
3.215566426515579224e+00
3.678688704967498779e+00
3.641186803579330444e+00
3.257453367114067078e+00
4.054621309041976929e+00
3.743295520544052124e+00
2.917245179414749146e+00
2.704434189945459366e+00
3.707290217280387878e+00
3.456860631704330444e+00
3.265678808093070984e+00
3.012024387717247009e+00
3.590989708900451660e+00
3.152497261762619019e+00
3.637679293751716614e+00
2.647375157102942467e+00
3.316535949707031250e+00
2.950457744300365448e+00
4.844808131456375122e+00
3.425198048353195190e+00
4.925311505794525146e+00
3.807472139596939087e+00
3.024527393281459808e+00
3.995051831007003784e+00
4.368763417005538940e+00
4.246807396411895752e+00
3.732953369617462158e+00
3.248574808239936829e+00
3.378622457385063171e+00
4.905710667371749878e+00
3.582128360867500305e+00
4.349452108144760132e+00
2.769566904753446579e+00
3.398484736680984497e+00
3.018094226717948914e+00
4.212416708469390869e+00
2.989657968282699585e+00
3.932083696126937866e+00
4.510508477687835693e+00
3.437366932630538940e+00
3.513081073760986328e+00
3.228923678398132324e+00
3.400198221206665039e+00
3.132463321089744568e+00
4.290269911289215088e+00
4.901640415191650391e+00
3.888101726770401001e+00
3.161469250917434692e+00
3.067152239382266998e+00
3.416133075952529907e+00
3.200265020132064819e+00
3.380807563662528992e+00
4.639631211757659912e+00
3.381528854370117188e+00
3.260761946439743042e+00
3.738879710435867310e+00
3.306751549243927002e+00
4.797977209091186523e+00
3.216512799263000488e+00
3.263849169015884399e+00
3.091810122132301331e+00
3.854563385248184204e+00
2.969111129641532898e+00
3.163380026817321777e+00
2.896853573620319366e+00
3.343256711959838867e+00
4.752116799354553223e+00
4.083737134933471680e+00
3.060861900448799133e+00
3.268117755651473999e+00
3.356974348425865173e+00
3.293684795498847961e+00
4.364483356475830078e+00
4.385994374752044678e+00
4.770341813564300537e+00
3.044385723769664764e+00
3.257473856210708618e+00
4.713229537010192871e+00
3.961457461118698120e+00
3.458183407783508301e+00
3.325369656085968018e+00
3.144575431942939758e+00
3.208730891346931458e+00
2.733263969421386719e+00
4.241545945405960083e+00
3.291537091135978699e+00
3.308737352490425110e+00
3.897538781166076660e+00
4.408352971076965332e+00
4.794674813747406006e+00
3.905877172946929932e+00
2.873406112194061279e+00
3.453844115138053894e+00
3.264971300959587097e+00
3.059110566973686218e+00
4.118006378412246704e+00
4.835823178291320801e+00
3.586674332618713379e+00
2.941132858395576477e+00
3.537582680583000183e+00
2.919873222708702087e+00
2.793687917292118073e+00
3.916963487863540649e+00
4.171525835990905762e+00
3.020633086562156677e+00
3.454347252845764160e+00
3.324203491210937500e+00
3.141348063945770264e+00
3.352090567350387573e+00
3.224089741706848145e+00
3.556846529245376587e+00
2.889584153890609741e+00
3.340220898389816284e+00
3.397330418229103088e+00
2.886809222400188446e+00
4.396458864212036133e+00
3.130717054009437561e+00
4.822220355272293091e+00
3.957380354404449463e+00
3.336705639958381653e+00
2.967835292220115662e+00
3.219352811574935913e+00
3.307591155171394348e+00
3.026265539228916168e+00
2.959619723260402679e+00
3.247965872287750244e+00
3.819490969181060791e+00
4.685457199811935425e+00
4.681030809879302979e+00
3.945324420928955078e+00
3.778608888387680054e+00
3.930027931928634644e+00
3.144575133919715881e+00
3.068160787224769592e+00
3.696923553943634033e+00
3.573039695620536804e+00
3.128690049052238464e+00
3.086017295718193054e+00
3.526118695735931396e+00
3.279140740633010864e+00
4.836122989654541016e+00
3.121028617024421692e+00
3.371995985507965088e+00
3.538279309868812561e+00
3.793060183525085449e+00
3.288748413324356079e+00
3.907756209373474121e+00
3.922857493162155151e+00
4.839903116226196289e+00
3.708102181553840637e+00
4.065192937850952148e+00
3.586913645267486572e+00
3.663044124841690063e+00
3.367815762758255005e+00
4.364996850490570068e+00
3.786453902721405029e+00
3.526568934321403503e+00
3.699889406561851501e+00
3.450172841548919678e+00
3.262150436639785767e+00
2.733069434762001038e+00
4.588007926940917969e+00
3.086991310119628906e+00
3.331265598535537720e+00
4.033703356981277466e+00
3.605141490697860718e+00
3.074889034032821655e+00
3.511500135064125061e+00
4.293198138475418091e+00
3.909407556056976318e+00
3.137819245457649231e+00
3.225324675440788269e+00
3.054157383739948273e+00
3.751570880413055420e+00
3.808459788560867310e+00
3.098303675651550293e+00
3.935827612876892090e+00
3.773757368326187134e+00
3.176460564136505127e+00
3.751265555620193481e+00
3.302412703633308411e+00
3.497134670615196228e+00
3.973387777805328369e+00
2.863276414573192596e+00
3.176384642720222473e+00
3.614903092384338379e+00
3.042511604726314545e+00
4.341231733560562134e+00
3.105621673166751862e+00
3.242233246564865112e+00
3.332400843501091003e+00
3.183211833238601685e+00
3.942492008209228516e+00
3.253990411758422852e+00
3.080541305243968964e+00
4.823086559772491455e+00
3.326382264494895935e+00
3.170925900340080261e+00
3.449895456433296204e+00
4.337083250284194946e+00
3.295380920171737671e+00
3.088944703340530396e+00
3.297884911298751831e+00
2.919018752872943878e+00
3.179603517055511475e+00
4.149957150220870972e+00
3.587397187948226929e+00
3.250895887613296509e+00
3.927702307701110840e+00
4.958089292049407959e+00
4.173264950513839722e+00
4.782797694206237793e+00
4.406628310680389404e+00
4.447532445192337036e+00
4.968110620975494385e+00
3.363404050469398499e+00
3.011558577418327332e+00
3.182763233780860901e+00
4.329746216535568237e+00
3.224798068404197693e+00
4.699941277503967285e+00
3.522714972496032715e+00
3.159446716308593750e+00
3.476198166608810425e+00
4.204489141702651978e+00
3.433900848031044006e+00
3.246851190924644470e+00
3.451152071356773376e+00
4.135335683822631836e+00
4.242265224456787109e+00
4.872301816940307617e+00
4.207982718944549561e+00
4.237082600593566895e+00
4.474363327026367188e+00
4.417055845260620117e+00
2.831252776086330414e+00
3.618675097823143005e+00
3.718900159001350403e+00
4.372477680444717407e+00
3.757881969213485718e+00
2.958319261670112610e+00
4.322079420089721680e+00
3.098225854337215424e+00
4.213830679655075073e+00
3.274562060832977295e+00
3.867449760437011719e+00
3.544263988733291626e+00
3.342397958040237427e+00
3.196973949670791626e+00
3.280291333794593811e+00
2.963912934064865112e+00
3.404478281736373901e+00
4.128219187259674072e+00
3.296168297529220581e+00
3.378608971834182739e+00
3.652008473873138428e+00
3.110318705439567566e+00
2.953586392104625702e+00
3.089169636368751526e+00
3.698799610137939453e+00
4.689053297042846680e+00
3.708097189664840698e+00
4.567435681819915771e+00
3.477579653263092041e+00
3.110845535993576050e+00
3.418639600276947021e+00
3.528459966182708740e+00
4.830308854579925537e+00
3.730054572224617004e+00
3.823416531085968018e+00
3.380635678768157959e+00
4.443031996488571167e+00
4.089763909578323364e+00
3.338681235909461975e+00
3.145856037735939026e+00
3.385670036077499390e+00
3.357819765806198120e+00
3.155238032341003418e+00
3.337722644209861755e+00
3.497095257043838501e+00
3.386248871684074402e+00
2.786019183695316315e+00
2.760317251086235046e+00
4.304051250219345093e+00
2.930633872747421265e+00
3.360546603798866272e+00
3.278041332960128784e+00
3.427531570196151733e+00
3.189321309328079224e+00
3.134344369173049927e+00
3.320565968751907349e+00
3.161608800292015076e+00
3.568566292524337769e+00
3.741859570145606995e+00
3.001157231628894806e+00
3.468298316001892090e+00
3.949405699968338013e+00
3.068444803357124329e+00
3.279139623045921326e+00
3.453464359045028687e+00
3.752572089433670044e+00
4.107996672391891479e+00
4.402324110269546509e+00
3.246553614735603333e+00
4.783514291048049927e+00
4.889974594116210938e+00
2.749945409595966339e+00
2.984672933816909790e+00
3.828000873327255249e+00
3.721520677208900452e+00
3.197049647569656372e+00
3.246105015277862549e+00
4.009299278259277344e+00
3.080388903617858887e+00
3.275357782840728760e+00
2.933558449149131775e+00
3.627604097127914429e+00
3.757423162460327148e+00
4.191265255212783813e+00
3.438251316547393799e+00
3.284629210829734802e+00
3.673497289419174194e+00
2.916567698121070862e+00
4.339183717966079712e+00
3.586600571870803833e+00
3.688713386654853821e+00
3.152983784675598145e+00
3.205265179276466370e+00
3.455177396535873413e+00
2.936269566416740417e+00
2.910030968487262726e+00
4.107247143983840942e+00
3.800554871559143066e+00
3.754772692918777466e+00
3.477745577692985535e+00
3.523279950022697449e+00
3.372110426425933838e+00
4.346619099378585815e+00
3.751498013734817505e+00
3.388777226209640503e+00
3.882087320089340210e+00
3.778772652149200439e+00
4.320712983608245850e+00
3.490815311670303345e+00
3.480874598026275635e+00
2.908705063164234161e+00
4.426832199096679688e+00
4.812402129173278809e+00
3.723615854978561401e+00
2.901310808956623077e+00
4.821062386035919189e+00
3.359431177377700806e+00
3.765503913164138794e+00
3.861125856637954712e+00
4.394102990627288818e+00
3.390032052993774414e+00
3.259895071387290955e+00
3.266694992780685425e+00
3.331129923462867737e+00
4.325581043958663940e+00
3.578649088740348816e+00
3.930806964635848999e+00
3.915326893329620361e+00
3.321337178349494934e+00
3.544520884752273560e+00
3.359910249710083008e+00
4.114838987588882446e+00
4.847883284091949463e+00
3.412520140409469604e+00
3.129683434963226318e+00
3.318135291337966919e+00
3.177715539932250977e+00
3.654103875160217285e+00
3.286728858947753906e+00
3.364823907613754272e+00
3.708602935075759888e+00
3.247515335679054260e+00
4.917194545269012451e+00
3.803904801607131958e+00
3.512941151857376099e+00
4.958961158990859985e+00
3.391677215695381165e+00
3.275000452995300293e+00
3.814453333616256714e+00
2.852936871349811554e+00
3.201831951737403870e+00
3.564908877015113831e+00
3.686100468039512634e+00
3.011559583246707916e+00
3.245473280549049377e+00
4.911327660083770752e+00
3.999622911214828491e+00
3.346466422080993652e+00
3.105594292283058167e+00
