3.823095262050628662e+00
3.612435832619667053e+00
3.695069700479507446e+00
3.516274988651275635e+00
4.673832356929779053e+00
3.168763667345046997e+00
4.094101339578628540e+00
3.997866213321685791e+00
4.707907289266586304e+00
3.836672902107238770e+00
3.868236839771270752e+00
4.348417371511459351e+00
3.966284990310668945e+00
3.839738070964813232e+00
4.136515259742736816e+00
2.486724071204662323e+00
3.501375317573547363e+00
4.364666640758514404e+00
4.120399355888366699e+00
3.471595421433448792e+00
4.005223214626312256e+00
3.538812398910522461e+00
3.304847180843353271e+00
4.827587455511093140e+00
4.758156090974807739e+00
3.798004686832427979e+00
3.647540435194969177e+00
4.282715320587158203e+00
3.006359562277793884e+00
2.999925054609775543e+00
4.279426485300064087e+00
4.205790609121322632e+00
4.076890498399734497e+00
3.343268111348152161e+00
3.830127418041229248e+00
3.751510381698608398e+00
4.129218608140945435e+00
3.087754398584365845e+00
3.843777626752853394e+00
3.357851505279541016e+00
3.744615539908409119e+00
3.400370404124259949e+00
3.074040338397026062e+00
3.725737035274505615e+00
2.588425902649760246e+00
2.634217375889420509e+00
2.837377004325389862e+00
4.010130017995834351e+00
3.689491897821426392e+00
3.537769764661788940e+00
3.382653966546058655e+00
3.367266282439231873e+00
3.376209065318107605e+00
3.867485225200653076e+00
4.114612936973571777e+00
4.311370253562927246e+00
3.628247976303100586e+00
4.306995570659637451e+00
2.879351638257503510e+00
2.880476862192153931e+00
3.311489969491958618e+00
4.451777338981628418e+00
3.373515009880065918e+00
3.892075568437576294e+00
3.412175998091697693e+00
2.913326025009155273e+00
3.649067729711532593e+00
3.575051352381706238e+00
3.391067981719970703e+00
4.219937622547149658e+00
3.805163502693176270e+00
3.120249919593334198e+00
2.606636472046375275e+00
3.549468144774436951e+00
2.915505841374397278e+00
3.552603945136070251e+00
3.376041725277900696e+00
3.785334825515747070e+00
3.155382424592971802e+00
3.841253072023391724e+00
4.133343994617462158e+00
3.505466580390930176e+00
2.675449531525373459e+00
4.568956345319747925e+00
4.178039878606796265e+00
3.977343589067459106e+00
4.198862910270690918e+00
4.007907360792160034e+00
4.065404832363128662e+00
3.803369253873825073e+00
2.726524397730827332e+00
3.358250483870506287e+00
3.751929253339767456e+00
3.554734811186790466e+00
2.559877750463783741e+00
4.611998647451400757e+00
3.160970956087112427e+00
3.951541334390640259e+00
3.053926452994346619e+00
2.545207319781184196e+00
4.186136573553085327e+00
4.689132720232009888e+00
3.662806972861289978e+00
3.979198038578033447e+00
3.117831274867057800e+00
4.257780909538269043e+00
4.485217779874801636e+00
4.140961319208145142e+00
3.841579407453536987e+00
2.834124863147735596e+00
3.745502158999443054e+00
4.234363287687301636e+00
3.342607691884040833e+00
3.279450759291648865e+00
2.858918607234954834e+00
3.208571821451187134e+00
3.444159030914306641e+00
3.173018917441368103e+00
4.082820862531661987e+00
4.443268179893493652e+00
4.160193055868148804e+00
2.566480082459747791e+00
2.797012310475111008e+00
3.618496581912040710e+00
2.897278442978858948e+00
3.093210980296134949e+00
3.231684714555740356e+00
3.645915314555168152e+00
4.337935000658035278e+00
3.517430722713470459e+00
3.323133811354637146e+00
2.774725575000047684e+00
3.933230638504028320e+00
3.074107207357883453e+00
3.790132850408554077e+00
4.255684912204742432e+00
4.593797773122787476e+00
3.335620537400245667e+00
2.835790999233722687e+00
3.531427681446075439e+00
4.155415296554565430e+00
3.846054822206497192e+00
3.422389551997184753e+00
4.791247993707656860e+00
3.783765733242034912e+00
3.926400095224380493e+00
2.745974790304899216e+00
2.859684415161609650e+00
4.498418420553207397e+00
3.852998763322830200e+00
4.468495249748229980e+00
3.187339082360267639e+00
4.605937600135803223e+00
3.360688164830207825e+00
3.792701661586761475e+00
3.251125589013099670e+00
3.189892321825027466e+00
2.975649423897266388e+00
3.803174197673797607e+00
3.983620256185531616e+00
4.186830669641494751e+00
3.491924628615379333e+00
4.090468883514404297e+00
4.391077756881713867e+00
4.875070154666900635e+00
3.172218948602676392e+00
3.884061425924301147e+00
3.659532815217971802e+00
2.968156747519969940e+00
3.980808705091476440e+00
3.704507648944854736e+00
4.224463701248168945e+00
3.786849230527877808e+00
3.290882334113121033e+00
4.377705454826354980e+00
4.297597557306289673e+00
3.757211565971374512e+00
3.952894657850265503e+00
4.490932077169418335e+00
4.559857398271560669e+00
3.988025784492492676e+00
4.146617352962493896e+00
3.526526317000389099e+00
4.302818030118942261e+00
3.731897026300430298e+00
3.038775175809860229e+00
3.488622084259986877e+00
3.386250212788581848e+00
3.580911010503768921e+00
4.076396524906158447e+00
3.083619102835655212e+00
3.102695569396018982e+00
4.003456085920333862e+00
2.976012229919433594e+00
3.149742335081100464e+00
3.542835265398025513e+00
4.235889911651611328e+00
3.142595738172531128e+00
2.837969027459621429e+00
4.347425252199172974e+00
4.159762710332870483e+00
3.005943745374679565e+00
3.849998265504837036e+00
4.051662087440490723e+00
3.213511258363723755e+00
3.576902076601982117e+00
4.894094765186309814e+00
2.568270321935415268e+00
4.178934991359710693e+00
4.035094380378723145e+00
3.717068135738372803e+00
3.702214583754539490e+00
3.685216978192329407e+00
3.129015117883682251e+00
3.236214742064476013e+00
3.874947875738143921e+00
3.184261173009872437e+00
4.639923125505447388e+00
3.474662974476814270e+00
3.886685073375701904e+00
3.537095934152603149e+00
4.795545935630798340e+00
3.146420568227767944e+00
3.758042156696319580e+00
3.781224489212036133e+00
4.057362079620361328e+00
3.458079621195793152e+00
3.131072744727134705e+00
3.656678572297096252e+00
3.459772989153862000e+00
3.608381226658821106e+00
3.015725947916507721e+00
3.493146970868110657e+00
3.796408921480178833e+00
3.524884209036827087e+00
3.447454124689102173e+00
3.476207330822944641e+00
3.193018287420272827e+00
3.239631801843643188e+00
3.645708039402961731e+00
3.660408183932304382e+00
4.255125969648361206e+00
3.305837213993072510e+00
3.186479061841964722e+00
3.265647813677787781e+00
3.736966103315353394e+00
3.862934857606887817e+00
4.418465644121170044e+00
3.514809012413024902e+00
3.293641582131385803e+00
2.974197417497634888e+00
4.407113641500473022e+00
3.966351598501205444e+00
4.087679088115692139e+00
3.290980085730552673e+00
3.960983604192733765e+00
3.478403016924858093e+00
4.097573161125183105e+00
4.235645532608032227e+00
3.375865146517753601e+00
3.718982264399528503e+00
4.467553645372390747e+00
2.916618362069129944e+00
2.615086464211344719e+00
3.778584450483322144e+00
3.405550569295883179e+00
2.998651489615440369e+00
3.699063137173652649e+00
3.462167531251907349e+00
3.828166723251342773e+00
2.869440838694572449e+00
3.525369539856910706e+00
4.383102208375930786e+00
3.328307867050170898e+00
3.406575545668601990e+00
3.405795097351074219e+00
3.749593719840049744e+00
3.832868784666061401e+00
3.669380992650985718e+00
4.762000143527984619e+00
3.528400510549545288e+00
3.008684925734996796e+00
3.127645701169967651e+00
2.818245254456996918e+00
3.201745748519897461e+00
3.092298321425914764e+00
3.354968875646591187e+00
3.387916758656501770e+00
3.202327638864517212e+00
3.281507417559623718e+00
3.456629440188407898e+00
3.524714857339859009e+00
4.099028557538986206e+00
3.701155930757522583e+00
3.468953743577003479e+00
3.124015107750892639e+00
3.335685357451438904e+00
3.950795382261276245e+00
2.877115011215209961e+00
4.198790490627288818e+00
4.157775491476058960e+00
3.514878600835800171e+00
4.103910773992538452e+00
4.289972335100173950e+00
3.476674854755401611e+00
2.628812147304415703e+00
2.726207654923200607e+00
2.451656037010252476e+00
3.980790227651596069e+00
3.917328268289566040e+00
3.883113414049148560e+00
3.847770094871520996e+00
4.673246741294860840e+00
3.014151006937026978e+00
2.713897451758384705e+00
2.691056262701749802e+00
3.910862803459167480e+00
3.834744542837142944e+00
2.566289259120821953e+00
3.803007155656814575e+00
3.715439438819885254e+00
2.921756766736507416e+00
3.007670864462852478e+00
3.961903750896453857e+00
3.338707089424133301e+00
3.972046077251434326e+00
4.812553822994232178e+00
4.244279861450195312e+00
3.210056200623512268e+00
4.332637041807174683e+00
3.595921546220779419e+00
3.952919542789459229e+00
3.383727967739105225e+00
4.590075165033340454e+00
4.403477013111114502e+00
4.074572622776031494e+00
2.530211873818188906e+00
2.536720121279358864e+00
3.500388264656066895e+00
3.671914413571357727e+00
4.378688782453536987e+00
3.165012970566749573e+00
3.273013606667518616e+00
2.896762900054454803e+00
3.664417862892150879e+00
3.945443481206893921e+00
3.280270174145698547e+00
4.009007364511489868e+00
3.796961307525634766e+00
4.464528560638427734e+00
3.580137863755226135e+00
3.909226208925247192e+00
3.848294615745544434e+00
4.316471368074417114e+00
2.716578114777803421e+00
4.229461997747421265e+00
2.893341742455959320e+00
3.444504365324974060e+00
3.047000393271446228e+00
4.330185055732727051e+00
4.058230966329574585e+00
2.966666221618652344e+00
2.795330453664064407e+00
3.356355652213096619e+00
2.623810414224863052e+00
3.783027529716491699e+00
3.017519377171993256e+00
3.252261579036712646e+00
4.071652889251708984e+00
3.752078711986541748e+00
3.615165129303932190e+00
4.319734722375869751e+00
4.019453972578048706e+00
3.289637267589569092e+00
3.448351845145225525e+00
3.714459389448165894e+00
3.786115795373916626e+00
3.258439600467681885e+00
3.879787176847457886e+00
3.349091112613677979e+00
4.495687186717987061e+00
4.061429798603057861e+00
3.782342672348022461e+00
3.597950190305709839e+00
3.436514660716056824e+00
3.733928129076957703e+00
3.982310593128204346e+00
3.273633867502212524e+00
2.933728210628032684e+00
3.416669070720672607e+00
4.367909133434295654e+00
3.742507025599479675e+00
4.284089952707290649e+00
3.597624376416206360e+00
3.672530725598335266e+00
3.673325404524803162e+00
3.827526718378067017e+00
3.521464988589286804e+00
3.293891996145248413e+00
4.445339590311050415e+00
3.381020724773406982e+00
3.227015361189842224e+00
3.464162796735763550e+00
4.187076240777969360e+00
3.603029996156692505e+00
3.853055983781814575e+00
2.660112027078866959e+00
4.223556965589523315e+00
3.345896825194358826e+00
3.468449562788009644e+00
3.823035955429077148e+00
3.564969450235366821e+00
3.427561894059181213e+00
3.906997889280319214e+00
3.911047577857971191e+00
3.254890069365501404e+00
3.656808659434318542e+00
3.467611595988273621e+00
4.501670151948928833e+00
3.321287930011749268e+00
3.899780660867691040e+00
3.618325218558311462e+00
3.208880722522735596e+00
4.289476871490478516e+00
4.033023118972778320e+00
3.767593055963516235e+00
2.710702400654554367e+00
4.404092729091644287e+00
4.466119557619094849e+00
3.164983391761779785e+00
3.608606681227684021e+00
4.017107635736465454e+00
4.011114835739135742e+00
3.833408504724502563e+00
4.126373231410980225e+00
2.937623672187328339e+00
4.049373716115951538e+00
2.725624386221170425e+00
3.184374272823333740e+00
2.870039157569408417e+00
2.962437570095062256e+00
4.860379844903945923e+00
4.114684015512466431e+00
4.228032827377319336e+00
4.361109733581542969e+00
3.418104052543640137e+00
3.354092761874198914e+00
3.414902314543724060e+00
4.258295744657516479e+00
3.663884997367858887e+00
3.609734699130058289e+00
4.438168257474899292e+00
4.513243138790130615e+00
3.215218782424926758e+00
3.881236016750335693e+00
3.000172115862369537e+00
3.252797052264213562e+00
4.003009498119354248e+00
3.425160124897956848e+00
3.836352229118347168e+00
3.182139918208122253e+00
2.541268225759267807e+00
3.197256997227668762e+00
2.891273200511932373e+00
3.525970429182052612e+00
4.589329361915588379e+00
3.844795674085617065e+00
3.816357553005218506e+00
3.975234180688858032e+00
3.738033771514892578e+00
2.988805994391441345e+00
4.610647857189178467e+00
4.204820543527603149e+00
4.082035422325134277e+00
2.890713848173618317e+00
3.765878826379776001e+00
4.310529381036758423e+00
3.473079651594161987e+00
3.074612841010093689e+00
3.899633735418319702e+00
2.794999442994594574e+00
4.359597861766815186e+00
4.226722717285156250e+00
3.813795298337936401e+00
3.425070643424987793e+00
4.463260769844055176e+00
4.061911702156066895e+00
4.272832870483398438e+00
4.151934236288070679e+00
3.997455686330795288e+00
4.497497230768203735e+00
4.351477175951004028e+00
3.662732690572738647e+00
3.553784787654876709e+00
3.312254920601844788e+00
4.059974253177642822e+00
3.094346560537815094e+00
4.489274322986602783e+00
2.910726964473724365e+00
3.744190111756324768e+00
3.426855280995368958e+00
3.480257242918014526e+00
4.944273084402084351e+00
3.157132863998413086e+00
2.829241938889026642e+00
2.864789366722106934e+00
3.924482613801956177e+00
4.005101025104522705e+00
2.730966899544000626e+00
4.720592647790908813e+00
3.365303203463554382e+00
2.667049579322338104e+00
3.063498437404632568e+00
3.081733509898185730e+00
3.673015683889389038e+00
3.013296760618686676e+00
3.928990215063095093e+00
3.630740791559219360e+00
3.325025588274002075e+00
4.217536896467208862e+00
3.947281241416931152e+00
3.813831508159637451e+00
3.123462684452533722e+00
3.854571282863616943e+00
3.560031503438949585e+00
3.833922743797302246e+00
2.713313400745391846e+00
3.521040976047515869e+00
4.500612318515777588e+00
3.024779818952083588e+00
4.304361939430236816e+00
3.327288702130317688e+00
3.260730803012847900e+00
3.666356578469276428e+00
3.982156813144683838e+00
2.717756181955337524e+00
4.591033756732940674e+00
3.138224929571151733e+00
3.434715196490287781e+00
3.271856307983398438e+00
4.266598373651504517e+00
2.752327769994735718e+00
4.105827063322067261e+00
3.062792532145977020e+00
3.541276305913925171e+00
4.165404886007308960e+00
3.627377226948738098e+00
3.574064970016479492e+00
3.891999721527099609e+00
3.912362605333328247e+00
3.407359197735786438e+00
4.163857549428939819e+00
3.986316621303558350e+00
2.933133244514465332e+00
3.605517819523811340e+00
3.756820708513259888e+00
3.183263465762138367e+00
4.627654850482940674e+00
3.062296286225318909e+00
3.868405371904373169e+00
3.067543655633926392e+00
3.635174632072448730e+00
3.172887638211250305e+00
2.689791489392518997e+00
3.301921710371971130e+00
2.695784177631139755e+00
3.514547497034072876e+00
3.594302460551261902e+00
4.550722390413284302e+00
3.591181188821792603e+00
4.073044955730438232e+00
4.006879478693008423e+00
4.248066097497940063e+00
4.323273301124572754e+00
3.962663263082504272e+00
4.467065781354904175e+00
4.150371700525283813e+00
3.767277598381042480e+00
4.365454465150833130e+00
2.799716237932443619e+00
4.019355773925781250e+00
3.205272033810615540e+00
4.120415896177291870e+00
2.920534200966358185e+00
3.452659696340560913e+00
3.077132143080234528e+00
3.863373398780822754e+00
4.341566115617752075e+00
4.196125119924545288e+00
3.599359467625617981e+00
2.883087210357189178e+00
3.066365458071231842e+00
3.935589045286178589e+00
4.013234376907348633e+00
3.661773130297660828e+00
3.781607598066329956e+00
4.622146189212799072e+00
2.958526462316513062e+00
3.190283477306365967e+00
3.956677615642547607e+00
3.988370448350906372e+00
3.582101017236709595e+00
3.411765694618225098e+00
3.508939594030380249e+00
3.556789159774780273e+00
2.968013472855091095e+00
3.954111635684967041e+00
3.492940440773963928e+00
4.136668443679809570e+00
3.355302140116691589e+00
3.421006947755813599e+00
3.206489309668540955e+00
4.494897872209548950e+00
4.317132979631423950e+00
4.816973358392715454e+00
2.860250845551490784e+00
4.081516116857528687e+00
4.280238151550292969e+00
3.660719320178031921e+00
3.026338815689086914e+00
4.347885847091674805e+00
4.278245866298675537e+00
3.540583923459053040e+00
4.043591916561126709e+00
2.989300116896629333e+00
3.319167420268058777e+00
4.114893227815628052e+00
3.772888332605361938e+00
3.514090180397033691e+00
3.347527980804443359e+00
3.941674679517745972e+00
2.670532055199146271e+00
4.737288653850555420e+00
4.316464960575103760e+00
4.069090336561203003e+00
2.961134649813175201e+00
3.642706051468849182e+00
3.970612287521362305e+00
3.720940575003623962e+00
3.616025745868682861e+00
3.669131770730018616e+00
3.329269066452980042e+00
2.668470311909914017e+00
3.722712919116020203e+00
3.311125412583351135e+00
4.541614204645156860e+00
2.635850626975297928e+00
2.851996086537837982e+00
3.610901609063148499e+00
3.638549298048019409e+00
3.301124423742294312e+00
3.733934238553047180e+00
3.335715681314468384e+00
2.947269044816493988e+00
4.066414535045623779e+00
3.960587829351425171e+00
3.747387826442718506e+00
3.776104152202606201e+00
3.678356632590293884e+00
4.174543172121047974e+00
3.462170436978340149e+00
3.570285812020301819e+00
2.966975979506969452e+00
3.548550009727478027e+00
4.000327438116073608e+00
2.779218386858701706e+00
3.126808553934097290e+00
2.813286483287811279e+00
3.924298435449600220e+00
4.400399774312973022e+00
4.172676950693130493e+00
3.833215236663818359e+00
4.503536373376846313e+00
3.328594863414764404e+00
3.586180135607719421e+00
3.967598229646682739e+00
3.460243567824363708e+00
3.393339142203330994e+00
4.289622604846954346e+00
3.878405392169952393e+00
3.416542187333106995e+00
3.722836747765541077e+00
3.300450816750526428e+00
3.811483383178710938e+00
4.431068152189254761e+00
3.787696808576583862e+00
4.104587584733963013e+00
4.248362332582473755e+00
3.779476284980773926e+00
4.001237154006958008e+00
3.395897150039672852e+00
3.839875012636184692e+00
3.849536329507827759e+00
3.159711062908172607e+00
3.447496518492698669e+00
3.577226996421813965e+00
4.230972826480865479e+00
3.883992731571197510e+00
3.397343084216117859e+00
3.894696384668350220e+00
3.766033053398132324e+00
2.832867763936519623e+00
2.678169738501310349e+00
3.285533636808395386e+00
4.144572317600250244e+00
3.107563406229019165e+00
4.034702181816101074e+00
3.816035836935043335e+00
3.557023480534553528e+00
3.064116761088371277e+00
3.730588406324386597e+00
3.530438542366027832e+00
2.966147102415561676e+00
3.212337717413902283e+00
4.508502483367919922e+00
4.233618974685668945e+00
4.490680545568466187e+00
3.522356376051902771e+00
3.454328104853630066e+00
4.610647857189178467e+00
4.159285873174667358e+00
4.270679354667663574e+00
4.115401357412338257e+00
3.801934272050857544e+00
4.167305827140808105e+00
4.072428345680236816e+00
3.221489861607551575e+00
4.448481202125549316e+00
3.715414926409721375e+00
4.538373649120330811e+00
3.739584311842918396e+00
3.202819377183914185e+00
2.732402719557285309e+00
3.397847041487693787e+00
3.055518046021461487e+00
4.155030846595764160e+00
3.628742545843124390e+00
2.752856891602277756e+00
2.824470251798629761e+00
3.748881444334983826e+00
2.809502743184566498e+00
2.691045794636011124e+00
3.500045463442802429e+00
4.124829024076461792e+00
3.703226074576377869e+00
3.578052893280982971e+00
2.809078264981508255e+00
3.646844923496246338e+00
3.269204497337341309e+00
4.591690152883529663e+00
3.656921535730361938e+00
3.370441719889640808e+00
3.200419470667839050e+00
3.586846441030502319e+00
4.944273084402084351e+00
3.440848067402839661e+00
4.198194444179534912e+00
3.786849230527877808e+00
4.402688741683959961e+00
4.385662227869033813e+00
3.404000401496887207e+00
3.510553315281867981e+00
3.456764742732048035e+00
3.919649422168731689e+00
3.622339963912963867e+00
3.544769063591957092e+00
3.415558785200119019e+00
2.314521390944719315e+00
3.017869219183921814e+00
3.827387243509292603e+00
2.765312474220991135e+00
3.362797051668167114e+00
4.555725008249282837e+00
2.871760055422782898e+00
2.668335568159818649e+00
3.492638245224952698e+00
3.466929271817207336e+00
4.527093619108200073e+00
3.809412717819213867e+00
4.394358098506927490e+00
2.819195948541164398e+00
2.965138256549835205e+00
3.529891893267631531e+00
3.344391211867332458e+00
3.698718920350074768e+00
3.066608235239982605e+00
3.502683565020561218e+00
3.981645554304122925e+00
3.563743829727172852e+00
4.599472433328628540e+00
4.192817807197570801e+00
3.833226114511489868e+00
3.807712495326995850e+00
3.634974658489227295e+00
2.856348529458045959e+00
3.551352024078369141e+00
3.845741897821426392e+00
3.283626660704612732e+00
3.266944736242294312e+00
2.813362404704093933e+00
3.940503597259521484e+00
3.634238541126251221e+00
4.021820127964019775e+00
4.045376032590866089e+00
4.054853171110153198e+00
3.882273733615875244e+00
3.938052654266357422e+00
2.823927551507949829e+00
3.661093786358833313e+00
2.583287758752703667e+00
3.625997379422187805e+00
4.142620414495468140e+00
3.213264867663383484e+00
4.011761099100112915e+00
3.671812340617179871e+00
4.388400018215179443e+00
2.914919331669807434e+00
3.776022493839263916e+00
3.230251297354698181e+00
2.371187899261713028e+00
3.200460821390151978e+00
2.865194566547870636e+00
3.706630095839500427e+00
3.768091499805450439e+00
3.222002163529396057e+00
4.527861624956130981e+00
4.060584157705307007e+00
4.004112482070922852e+00
3.713507577776908875e+00
3.680060356855392456e+00
1.911744251847267151e+00
2.713967226445674896e+00
4.476103186607360840e+00
3.802968412637710571e+00
3.596366569399833679e+00
3.961784690618515015e+00
3.610288426280021667e+00
4.259023219347000122e+00
3.872501850128173828e+00
3.166078180074691772e+00
4.063845872879028320e+00
4.754472523927688599e+00
2.717384044080972672e+00
4.658667594194412231e+00
3.745912685990333557e+00
3.691489323973655701e+00
3.544803038239479065e+00
2.192432880401611328e+00
3.804209977388381958e+00
4.903519749641418457e+00
2.668558266013860703e+00
3.121633566915988922e+00
4.482303410768508911e+00
3.719216734170913696e+00
3.060528598725795746e+00
3.753817081451416016e+00
3.226506933569908142e+00
3.063421957194805145e+00
3.009436614811420441e+00
3.087232410907745361e+00
2.809440083801746368e+00
3.379498645663261414e+00
4.546171575784683228e+00
3.996174633502960205e+00
2.517335795564576983e+00
3.576404750347137451e+00
4.324456602334976196e+00
3.278221562504768372e+00
4.252713173627853394e+00
3.269185796380043030e+00
3.262944594025611877e+00
2.839202806353569031e+00
4.417330622673034668e+00
3.353342711925506592e+00
2.972280830144882202e+00
3.710636645555496216e+00
3.327748104929924011e+00
4.397090822458267212e+00
4.320059269666671753e+00
3.995487987995147705e+00
4.113187193870544434e+00
3.521127775311470032e+00
3.182666897773742676e+00
4.665159881114959717e+00
4.455875307321548462e+00
3.610178977251052856e+00
3.675993308424949646e+00
4.804072380065917969e+00
4.294335246086120605e+00
3.027378320693969727e+00
3.883971720933914185e+00
2.974064648151397705e+00
2.771448884159326553e+00
3.068413212895393372e+00
3.890239000320434570e+00
3.336255177855491638e+00
3.399076685309410095e+00
4.143607169389724731e+00
4.130995124578475952e+00
3.884827345609664917e+00
3.501221910119056702e+00
3.016524426639080048e+00
3.077962361276149750e+00
4.583880901336669922e+00
2.874683327972888947e+00
2.867945432662963867e+00
4.942317605018615723e+00
3.330642208456993103e+00
4.809131920337677002e+00
3.875985890626907349e+00
3.863013535737991333e+00
4.119922816753387451e+00
3.823668062686920166e+00
4.127508401870727539e+00
3.266934156417846680e+00
3.188808634877204895e+00
3.257638663053512573e+00
3.900254368782043457e+00
2.721731234341859818e+00
2.984687052667140961e+00
3.435848131775856018e+00
4.460233449935913086e+00
3.407066389918327332e+00
2.747369352728128433e+00
3.801429420709609985e+00
4.617163985967636108e+00
3.914857506752014160e+00
3.648610338568687439e+00
2.762264758348464966e+00
4.120587557554244995e+00
3.906277269124984741e+00
4.550722390413284302e+00
3.421431854367256165e+00
3.553932383656501770e+00
3.305010050535202026e+00
4.404612779617309570e+00
3.599376082420349121e+00
3.162449598312377930e+00
4.557805359363555908e+00
3.360624462366104126e+00
3.466493338346481323e+00
3.716710507869720459e+00
2.989700473845005035e+00
3.152800872921943665e+00
3.187128677964210510e+00
3.475274518132209778e+00
3.112968653440475464e+00
3.221489861607551575e+00
2.860187925398349762e+00
2.770816367119550705e+00
3.899223208427429199e+00
4.182266592979431152e+00
3.509669601917266846e+00
4.039203971624374390e+00
4.253790676593780518e+00
4.438674896955490112e+00
3.877300918102264404e+00
3.728946223855018616e+00
4.309404045343399048e+00
2.916065752506256104e+00
3.766559511423110962e+00
3.238729685544967651e+00
2.674385644495487213e+00
3.642979636788368225e+00
3.911442011594772339e+00
4.724419116973876953e+00
2.866414263844490051e+00
3.945884704589843750e+00
2.615384757518768311e+00
3.338965028524398804e+00
4.574083983898162842e+00
4.290553778409957886e+00
3.683508262038230896e+00
4.389847069978713989e+00
2.706074584275484085e+00
3.269472643733024597e+00
3.986210078001022339e+00
3.144725635647773743e+00
3.194275721907615662e+00
4.039897322654724121e+00
3.369589596986770630e+00
3.848212361335754395e+00
3.576475679874420166e+00
2.789798956364393234e+00
3.565940558910369873e+00
3.893791288137435913e+00
3.412973359227180481e+00
4.044711887836456299e+00
4.054952114820480347e+00
4.006456136703491211e+00
3.608045428991317749e+00
3.075322173535823822e+00
4.474146217107772827e+00
2.809369377791881561e+00
3.323256894946098328e+00
3.903194665908813477e+00
4.070304185152053833e+00
3.257636353373527527e+00
3.416330292820930481e+00
4.181896895170211792e+00
3.483494967222213745e+00
3.476523905992507935e+00
4.323300123214721680e+00
3.416914194822311401e+00
4.587385505437850952e+00
2.949949316680431366e+00
4.042426794767379761e+00
3.689617365598678589e+00
3.741852790117263794e+00
3.078362978994846344e+00
2.913219220936298370e+00
3.499663174152374268e+00
3.797518163919448853e+00
3.153681531548500061e+00
3.399836346507072449e+00
3.643749877810478210e+00
3.819718807935714722e+00
4.070214480161666870e+00
4.068163782358169556e+00
2.770058847963809967e+00
3.214655369520187378e+00
4.054984003305435181e+00
3.586585000157356262e+00
3.090201914310455322e+00
3.505378663539886475e+00
3.192345201969146729e+00
3.980977535247802734e+00
3.100083582103252411e+00
3.536388128995895386e+00
4.101829826831817627e+00
2.777096554636955261e+00
4.468323886394500732e+00
2.848689928650856018e+00
4.355060607194900513e+00
3.490440398454666138e+00
3.791057169437408447e+00
3.040309213101863861e+00
4.245341867208480835e+00
3.829052746295928955e+00
2.856456525623798370e+00
3.473995178937911987e+00
3.061658032238483429e+00
2.738819625228643417e+00
3.266070261597633362e+00
2.768433019518852234e+00
4.408070147037506104e+00
4.424205869436264038e+00
2.919999659061431885e+00
3.368671387434005737e+00
2.593775270506739616e+00
3.320522680878639221e+00
3.234726861119270325e+00
3.462149798870086670e+00
4.440115839242935181e+00
2.944188527762889862e+00
3.326018229126930237e+00
3.528210073709487915e+00
2.911271788179874420e+00
3.753284215927124023e+00
4.191430956125259399e+00
3.951541334390640259e+00
4.376392215490341187e+00
3.601414635777473450e+00
3.617413341999053955e+00
3.822214305400848389e+00
3.911264389753341675e+00
3.953608125448226929e+00
3.387208059430122375e+00
4.051139354705810547e+00
4.367798864841461182e+00
4.420527666807174683e+00
3.334943726658821106e+00
3.559801578521728516e+00
3.581105992197990417e+00
4.393923878669738770e+00
3.123777806758880615e+00
3.651214763522148132e+00
2.884812429547309875e+00
2.999368645250797272e+00
4.587378203868865967e+00
3.242179006338119507e+00
3.764997571706771851e+00
3.099127858877182007e+00
3.485575914382934570e+00
2.940110117197036743e+00
3.158197999000549316e+00
3.205240964889526367e+00
3.746098130941390991e+00
3.557108938694000244e+00
3.360883668065071106e+00
3.784227073192596436e+00
4.646639376878738403e+00
4.687773734331130981e+00
2.686329260468482971e+00
3.023249283432960510e+00
3.747837245464324951e+00
3.776045292615890503e+00
4.635092318058013916e+00
3.814436495304107666e+00
3.798297047615051270e+00
3.900596499443054199e+00
3.623538166284561157e+00
3.609026074409484863e+00
3.561210557818412781e+00
3.714452162384986877e+00
3.679921030998229980e+00
4.060433804988861084e+00
3.732379376888275146e+00
4.092576056718826294e+00
2.976200394332408905e+00
3.085841350257396698e+00
3.452158197760581970e+00
3.580698370933532715e+00
4.076573401689529419e+00
3.019767589867115021e+00
3.281802237033843994e+00
3.195656314492225647e+00
3.335834145545959473e+00
3.942449241876602173e+00
3.079348579049110413e+00
3.026190400123596191e+00
3.763164728879928589e+00
3.504191786050796509e+00
3.105225823819637299e+00
4.648938626050949097e+00
3.344060182571411133e+00
3.398829549551010132e+00
3.497584015130996704e+00
3.901034295558929443e+00
3.777981698513031006e+00
2.928524315357208252e+00
2.886581197381019592e+00
4.219584614038467407e+00
3.909805268049240112e+00
3.355114385485649109e+00
2.468902040272951126e+00
3.561786711215972900e+00
3.288657367229461670e+00
3.655152022838592529e+00
3.918808251619338989e+00
2.819451391696929932e+00
3.452253341674804688e+00
2.790513020008802414e+00
4.181745052337646484e+00
3.055667318403720856e+00
3.540354743599891663e+00
4.028972834348678589e+00
3.389832377433776855e+00
4.509597867727279663e+00
4.359978288412094116e+00
4.099740087985992432e+00
4.476327598094940186e+00
3.865066319704055786e+00
3.870734870433807373e+00
3.250567838549613953e+00
3.676614463329315186e+00
4.894041717052459717e+00
4.216168224811553955e+00
3.319187089800834656e+00
3.742377460002899170e+00
4.124480336904525757e+00
4.203576147556304932e+00
4.189696013927459717e+00
3.500011190772056580e+00
3.306009173393249512e+00
3.659654036164283752e+00
4.189162999391555786e+00
4.446661174297332764e+00
3.734704703092575073e+00
4.195840209722518921e+00
2.784185390919446945e+00
4.227719753980636597e+00
3.752201050519943237e+00
3.170817270874977112e+00
4.094305485486984253e+00
4.210710078477859497e+00
3.957782834768295288e+00
4.730417430400848389e+00
3.391986340284347534e+00
3.580233752727508545e+00
4.557440280914306641e+00
4.504803866147994995e+00
3.110041990876197815e+00
3.808106631040573120e+00
3.418717533349990845e+00
3.437157571315765381e+00
3.247528672218322754e+00
3.818317800760269165e+00
3.624098375439643860e+00
3.089383281767368317e+00
3.187799528241157532e+00
2.963911853730678558e+00
4.466553926467895508e+00
4.084681719541549683e+00
2.905856296420097351e+00
2.854249104857444763e+00
4.030316621065139771e+00
4.029753804206848145e+00
3.761460334062576294e+00
4.100087881088256836e+00
3.198357224464416504e+00
3.464820832014083862e+00
3.476308956742286682e+00
3.092591166496276855e+00
3.108319342136383057e+00
4.034360051155090332e+00
3.583620637655258179e+00
3.919708877801895142e+00
4.208813011646270752e+00
3.851074725389480591e+00
2.676598224788904190e+00
3.543626293540000916e+00
3.788537383079528809e+00
4.047581255435943604e+00
3.502160087227821350e+00
4.258893877267837524e+00
4.602096974849700928e+00
3.249745368957519531e+00
3.708995804190635681e+00
3.355275169014930725e+00
2.974123619496822357e+00
4.027074426412582397e+00
3.861206620931625366e+00
4.081866294145584106e+00
3.418717607855796814e+00
2.730721496045589447e+00
3.747166618704795837e+00
3.529547229409217834e+00
3.892976045608520508e+00
4.001078903675079346e+00
3.082209303975105286e+00
2.712179590016603470e+00
3.490378707647323608e+00
4.795545935630798340e+00
4.242204129695892334e+00
3.579626902937889099e+00
3.437560796737670898e+00
3.477844670414924622e+00
4.271423220634460449e+00
3.021064661443233490e+00
2.846063710749149323e+00
3.026514723896980286e+00
3.004600293934345245e+00
3.610894754528999329e+00
3.204333186149597168e+00
2.999109551310539246e+00
3.280291333794593811e+00
3.582888320088386536e+00
4.715949743986129761e+00
3.921265900135040283e+00
4.061409682035446167e+00
3.982558250427246094e+00
3.580547943711280823e+00
2.676521353423595428e+00
3.900508284568786621e+00
3.617602959275245667e+00
3.223358020186424255e+00
3.796025514602661133e+00
4.040626585483551025e+00
3.935277909040451050e+00
3.863055408000946045e+00
3.519302383065223694e+00
3.959946483373641968e+00
4.603014886379241943e+00
3.660145923495292664e+00
3.915878981351852417e+00
3.807712495326995850e+00
4.259457141160964966e+00
3.024035431444644928e+00
3.819534778594970703e+00
4.360477328300476074e+00
3.545661047101020813e+00
3.430005013942718506e+00
3.589792475104331970e+00
3.105801492929458618e+00
3.523703292012214661e+00
3.398776948451995850e+00
3.671438619494438171e+00
3.755289316177368164e+00
4.057426154613494873e+00
3.247970044612884521e+00
2.910687886178493500e+00
2.643789080902934074e+00
4.196151942014694214e+00
4.011529833078384399e+00
3.742498680949211121e+00
3.432595580816268921e+00
3.002290539443492889e+00
4.349285364151000977e+00
3.452319800853729248e+00
2.973900288343429565e+00
2.464741107542067766e+00
4.167759269475936890e+00
4.120767414569854736e+00
4.690968245267868042e+00
3.941383510828018188e+00
3.407546505331993103e+00
3.496016412973403931e+00
3.646660521626472473e+00
3.438843414187431335e+00
4.585874527692794800e+00
3.632856458425521851e+00
4.019031673669815063e+00
3.904233723878860474e+00
4.017063677310943604e+00
3.514868989586830139e+00
2.823395840823650360e+00
4.340359568595886230e+00
3.634657263755798340e+00
3.794484138488769531e+00
4.314240068197250366e+00
3.864003121852874756e+00
3.904222100973129272e+00
4.156325161457061768e+00
3.563444763422012329e+00
2.533930614590644836e+00
3.271198496222496033e+00
2.846056073904037476e+00
3.264633864164352417e+00
3.715692237019538879e+00
4.093837589025497437e+00
3.952341377735137939e+00
3.403819575905799866e+00
3.374909833073616028e+00
4.278623759746551514e+00
3.859121352434158325e+00
2.612331276759505272e+00
3.723444640636444092e+00
4.367713928222656250e+00
3.528914004564285278e+00
2.974072657525539398e+00
3.040084354579448700e+00
3.515722006559371948e+00
3.697609603404998779e+00
3.798254281282424927e+00
2.573394407518208027e+00
3.044006898999214172e+00
3.429871425032615662e+00
4.089658856391906738e+00
3.363159000873565674e+00
3.676804900169372559e+00
3.688517883419990540e+00
3.120483197271823883e+00
4.545307457447052002e+00
3.250211328268051147e+00
4.188043326139450073e+00
3.954193741083145142e+00
4.557799547910690308e+00
3.427990227937698364e+00
3.519651144742965698e+00
4.294592738151550293e+00
3.852410018444061279e+00
4.050358384847640991e+00
2.724674474447965622e+00
4.025582820177078247e+00
4.111429452896118164e+00
4.436420202255249023e+00
3.819527328014373779e+00
3.931914269924163818e+00
3.629820421338081360e+00
4.130028933286666870e+00
3.072217963635921478e+00
4.257800579071044922e+00
2.779997773468494415e+00
3.665858432650566101e+00
3.051957897841930389e+00
4.441549181938171387e+00
3.991970866918563843e+00
2.920343466103076935e+00
4.080290496349334717e+00
3.859435170888900757e+00
4.518640339374542236e+00
3.689136207103729248e+00
4.491077810525894165e+00
2.838213257491588593e+00
3.032632432878017426e+00
3.428739383816719055e+00
3.100690171122550964e+00
4.378085285425186157e+00
3.448194563388824463e+00
3.683851212263107300e+00
3.131384998559951782e+00
3.611263781785964966e+00
4.470970034599304199e+00
3.294171020388603210e+00
3.880990594625473022e+00
3.130401596426963806e+00
4.120572656393051147e+00
3.375468701124191284e+00
4.055503010749816895e+00
4.372572153806686401e+00
2.877362444996833801e+00
4.442743211984634399e+00
4.399948120117187500e+00
4.501884877681732178e+00
3.330998420715332031e+00
3.858924061059951782e+00
4.136092513799667358e+00
4.508614987134933472e+00
3.331716060638427734e+00
2.748501133173704147e+00
3.084003850817680359e+00
3.794315457344055176e+00
2.911857329308986664e+00
3.577228784561157227e+00
3.420953974127769470e+00
3.941462635993957520e+00
2.607314391061663628e+00
4.155263304710388184e+00
3.572253957390785217e+00
2.989180162549018860e+00
3.661209419369697571e+00
3.468400985002517700e+00
3.431155979633331299e+00
3.398471400141716003e+00
3.744852319359779358e+00
2.867210321128368378e+00
3.422056064009666443e+00
3.191880285739898682e+00
3.855962455272674561e+00
4.284680783748626709e+00
3.767003268003463745e+00
2.765641361474990845e+00
3.001044429838657379e+00
3.365309685468673706e+00
4.287410825490951538e+00
4.328693598508834839e+00
3.758425712585449219e+00
2.779521178454160690e+00
3.787112981081008911e+00
3.695409521460533142e+00
3.489707037806510925e+00
3.861499130725860596e+00
2.774592041969299316e+00
2.936787120997905731e+00
2.787025105208158493e+00
3.721131607890129089e+00
4.547789394855499268e+00
3.576663210988044739e+00
3.987261801958084106e+00
3.709953874349594116e+00
4.834539443254470825e+00
2.739301063120365143e+00
3.849888443946838379e+00
2.798430249094963074e+00
3.241459354758262634e+00
3.498271554708480835e+00
2.896660342812538147e+00
3.620519414544105530e+00
3.986920565366744995e+00
3.597628921270370483e+00
2.688595168292522430e+00
3.084489330649375916e+00
4.440665543079376221e+00
3.374326378107070923e+00
3.975551426410675049e+00
3.647819086909294128e+00
4.464873224496841431e+00
3.744568973779678345e+00
3.838101029396057129e+00
3.574992492794990540e+00
2.902173772454261780e+00
4.309578835964202881e+00
3.179122805595397949e+00
3.301128298044204712e+00
3.291411623358726501e+00
3.965167701244354248e+00
3.606349974870681763e+00
3.245043009519577026e+00
3.085168302059173584e+00
4.476757347583770752e+00
2.889078184962272644e+00
3.599953949451446533e+00
3.210128992795944214e+00
4.106740206480026245e+00
3.145538493990898132e+00
3.448205292224884033e+00
3.396883681416511536e+00
4.058203250169754028e+00
4.243402183055877686e+00
3.551136106252670288e+00
3.992229849100112915e+00
3.839800655841827393e+00
4.134566783905029297e+00
3.017273768782615662e+00
2.716152295470237732e+00
3.391576781868934631e+00
3.840892761945724487e+00
3.947889953851699829e+00
3.753951787948608398e+00
3.329068869352340698e+00
3.222284913063049316e+00
3.549210652709007263e+00
3.215342462062835693e+00
2.784741278737783432e+00
3.455166891217231750e+00
3.584212288260459900e+00
2.795924823731184006e+00
3.196625635027885437e+00
3.855506032705307007e+00
3.825680464506149292e+00
4.243144989013671875e+00
4.483750909566879272e+00
3.619556576013565063e+00
3.745177090167999268e+00
3.817302584648132324e+00
4.859552681446075439e+00
3.263849467039108276e+00
3.611013740301132202e+00
3.853854984045028687e+00
3.742661923170089722e+00
2.808387018740177155e+00
3.896767199039459229e+00
3.297738805413246155e+00
3.142764493823051453e+00
3.086299039423465729e+00
3.867790102958679199e+00
4.534170478582382202e+00
4.120660722255706787e+00
3.901968151330947876e+00
3.062768094241619110e+00
3.949871510267257690e+00
2.728036511689424515e+00
4.802334755659103394e+00
3.515422344207763672e+00
3.471778109669685364e+00
3.031566590070724487e+00
4.595028907060623169e+00
3.875271230936050415e+00
3.351172357797622681e+00
3.609160184860229492e+00
3.387332186102867126e+00
3.679979965090751648e+00
2.999932542443275452e+00
3.422508612275123596e+00
2.843991778790950775e+00
3.547992035746574402e+00
4.766829460859298706e+00
3.456317335367202759e+00
4.201355278491973877e+00
2.648515412583947182e+00
3.954708874225616455e+00
2.523986301384866238e+00
3.390292748808860779e+00
2.682744935154914856e+00
4.072826355695724487e+00
4.001806378364562988e+00
4.316937178373336792e+00
2.649587225168943405e+00
4.670311063528060913e+00
2.792559638619422913e+00
3.519256040453910828e+00
3.688881620764732361e+00
3.558677434921264648e+00
3.704577609896659851e+00
