4.184262603521347046e+00
4.237442761659622192e+00
4.253347665071487427e+00
3.845744431018829346e+00
4.841120690107345581e+00
3.687201961874961853e+00
4.685565680265426636e+00
3.365314081311225891e+00
4.700409770011901855e+00
3.723081499338150024e+00
3.943123370409011841e+00
4.078503102064132690e+00
3.848813772201538086e+00
3.686465322971343994e+00
3.987724035978317261e+00
3.035131506621837616e+00
4.036950320005416870e+00
4.180857241153717041e+00
3.812154531478881836e+00
3.794963061809539795e+00
3.695444539189338684e+00
3.451488018035888672e+00
3.161346390843391418e+00
4.948144406080245972e+00
4.707239568233489990e+00
3.758868426084518433e+00
3.163892999291419983e+00
4.273951947689056396e+00
2.738181538879871368e+00
3.373816534876823425e+00
4.184304028749465942e+00
3.893489986658096313e+00
4.484390914440155029e+00
3.794102221727371216e+00
3.500617295503616333e+00
3.536816984415054321e+00
3.886720538139343262e+00
3.410568609833717346e+00
4.296789616346359253e+00
3.882231414318084717e+00
4.046621322631835938e+00
3.232520967721939087e+00
3.069711998105049133e+00
3.491800427436828613e+00
3.221599385142326355e+00
2.933897525072097778e+00
2.932391874492168427e+00
3.923808038234710693e+00
4.290347993373870850e+00
4.012526124715805054e+00
3.683468326926231384e+00
3.486620858311653137e+00
3.181595727801322937e+00
3.659454137086868286e+00
4.144461899995803833e+00
4.622628539800643921e+00
3.654611557722091675e+00
4.266284853219985962e+00
3.487556576728820801e+00
3.266185373067855835e+00
3.561280295252799988e+00
4.531575739383697510e+00
3.313287645578384399e+00
4.494958370923995972e+00
3.738672733306884766e+00
2.950600609183311462e+00
3.544007539749145508e+00
3.609540835022926331e+00
3.383638858795166016e+00
3.798906803131103516e+00
3.767817020416259766e+00
2.943472266197204590e+00
3.154229298233985901e+00
3.594429045915603638e+00
2.779531572014093399e+00
3.791252374649047852e+00
3.455767259001731873e+00
3.857525885105133057e+00
3.175935372710227966e+00
3.289244249463081360e+00
4.540878236293792725e+00
3.735960721969604492e+00
2.956957109272480011e+00
4.642469882965087891e+00
4.301766008138656616e+00
3.614527434110641479e+00
3.863155096769332886e+00
4.070908129215240479e+00
4.071037471294403076e+00
3.741213828325271606e+00
3.409659266471862793e+00
4.025949090719223022e+00
4.089869856834411621e+00
4.024185687303543091e+00
3.197407498955726624e+00
4.900796860456466675e+00
3.934766054153442383e+00
4.422127902507781982e+00
3.269493281841278076e+00
3.274993076920509338e+00
4.359795600175857544e+00
4.804382622241973877e+00
3.788073658943176270e+00
4.575578272342681885e+00
3.226089328527450562e+00
3.617272973060607910e+00
4.129046946763992310e+00
4.490015655755996704e+00
3.330667987465858459e+00
3.335843756794929504e+00
3.893726766109466553e+00
4.386564940214157104e+00
3.187971711158752441e+00
3.136373236775398254e+00
3.461037278175354004e+00
3.459216281771659851e+00
2.958768196403980255e+00
3.434644639492034912e+00
4.040585607290267944e+00
4.437483251094818115e+00
4.494645148515701294e+00
3.257272914052009583e+00
3.522832170128822327e+00
4.117012321949005127e+00
3.276755884289741516e+00
3.711920976638793945e+00
3.211614117026329041e+00
3.787613809108734131e+00
3.855114877223968506e+00
3.346713036298751831e+00
3.049238547682762146e+00
3.179982826113700867e+00
4.527457207441329956e+00
3.245965912938117981e+00
4.414895176887512207e+00
4.059690684080123901e+00
4.409702122211456299e+00
3.423725739121437073e+00
3.154597207903862000e+00
4.587977677583694458e+00
3.969977796077728271e+00
3.422619551420211792e+00
3.239343911409378052e+00
4.679898321628570557e+00
3.846028298139572144e+00
3.874844312667846680e+00
3.344576358795166016e+00
3.240913376212120056e+00
4.267577230930328369e+00
3.935371190309524536e+00
4.660585671663284302e+00
3.211445063352584839e+00
4.660588651895523071e+00
4.180355519056320190e+00
3.740710318088531494e+00
3.403985574841499329e+00
3.286583647131919861e+00
2.897732481360435486e+00
4.014174193143844604e+00
3.999780267477035522e+00
4.377226680517196655e+00
3.988166749477386475e+00
4.215467125177383423e+00
4.571957886219024658e+00
4.852662235498428345e+00
3.183797895908355713e+00
4.290162324905395508e+00
3.444854095578193665e+00
3.406547829508781433e+00
3.977537006139755249e+00
3.391849622130393982e+00
3.914864808320999146e+00
3.922460675239562988e+00
4.040340930223464966e+00
4.361700564622879028e+00
4.477674812078475952e+00
4.330425262451171875e+00
3.531814962625503540e+00
4.758146852254867554e+00
4.529815465211868286e+00
3.530867621302604675e+00
4.173797518014907837e+00
3.339519202709197998e+00
4.629815965890884399e+00
4.174557477235794067e+00
3.317309021949768066e+00
4.105089455842971802e+00
4.102081060409545898e+00
3.787429332733154297e+00
4.089956134557723999e+00
3.072001412510871887e+00
3.446833863854408264e+00
3.980111628770828247e+00
3.191474676132202148e+00
3.349967971444129944e+00
3.587177172303199768e+00
4.304511994123458862e+00
3.815515488386154175e+00
3.082489557564258575e+00
4.209093600511550903e+00
4.221187531948089600e+00
2.953506782650947571e+00
4.300688058137893677e+00
4.301556646823883057e+00
3.568258136510848999e+00
3.394377976655960083e+00
4.853858202695846558e+00
3.266164511442184448e+00
4.538136720657348633e+00
4.543307274580001831e+00
3.676656633615493774e+00
3.529090508818626404e+00
4.044608026742935181e+00
3.318889886140823364e+00
3.602172583341598511e+00
4.296888113021850586e+00
3.136600852012634277e+00
3.869034051895141602e+00
4.097604900598526001e+00
4.462097585201263428e+00
3.603011220693588257e+00
4.923257082700729370e+00
3.651482164859771729e+00
3.242895454168319702e+00
4.295224100351333618e+00
3.680739328265190125e+00
2.810254860669374466e+00
3.074820451438426971e+00
3.503131344914436340e+00
3.949213176965713501e+00
3.589314669370651245e+00
2.852916829288005829e+00
3.247236534953117371e+00
3.786488026380538940e+00
3.823292553424835205e+00
3.823790252208709717e+00
3.475996851921081543e+00
3.720125481486320496e+00
3.184010908007621765e+00
3.528828322887420654e+00
3.238005787134170532e+00
3.777797371149063110e+00
3.540152758359909058e+00
3.408018648624420166e+00
3.842376917600631714e+00
3.689185678958892822e+00
3.481147140264511108e+00
4.482800811529159546e+00
3.805433809757232666e+00
3.658020049333572388e+00
3.327258676290512085e+00
4.472174197435379028e+00
3.502896502614021301e+00
4.194891899824142456e+00
3.415803834795951843e+00
4.054095000028610229e+00
3.261263668537139893e+00
3.569823056459426880e+00
4.396719783544540405e+00
3.213970363140106201e+00
3.834994882345199585e+00
4.645206183195114136e+00
3.150504752993583679e+00
3.473142832517623901e+00
4.393174350261688232e+00
3.588901013135910034e+00
3.217991143465042114e+00
3.334851339459419250e+00
3.727228939533233643e+00
3.840224295854568481e+00
3.046698085963726044e+00
3.312555626034736633e+00
4.777009934186935425e+00
3.850569128990173340e+00
3.425130322575569153e+00
3.444580435752868652e+00
4.131473451852798462e+00
3.758426755666732788e+00
3.722437098622322083e+00
4.900586456060409546e+00
3.612882271409034729e+00
3.385827764868736267e+00
3.099051862955093384e+00
3.024041466414928436e+00
3.460140377283096313e+00
2.863416746258735657e+00
3.317563906311988831e+00
3.797011375427246094e+00
3.481829166412353516e+00
3.196836784482002258e+00
3.812455534934997559e+00
4.361885935068130493e+00
3.760135769844055176e+00
3.679681494832038879e+00
4.083932340145111084e+00
3.181456848978996277e+00
3.320662528276443481e+00
3.732689544558525085e+00
3.410346508026123047e+00
4.570100605487823486e+00
4.668274074792861938e+00
3.566403985023498535e+00
4.321723133325576782e+00
4.214831292629241943e+00
3.460811600089073181e+00
3.508029952645301819e+00
3.466540947556495667e+00
3.404345512390136719e+00
4.285697042942047119e+00
4.368381798267364502e+00
4.029006808996200562e+00
3.843849897384643555e+00
4.527958333492279053e+00
3.217296451330184937e+00
3.035295121371746063e+00
3.216659724712371826e+00
4.435036480426788330e+00
3.909767568111419678e+00
3.100686408579349518e+00
3.984004110097885132e+00
3.746905103325843811e+00
3.247866034507751465e+00
3.148101270198822021e+00
4.267991632223129272e+00
3.016416765749454498e+00
4.318020343780517578e+00
4.717900454998016357e+00
3.948374539613723755e+00
3.184351697564125061e+00
4.122791290283203125e+00
4.098672717809677124e+00
4.315189868211746216e+00
3.214392438530921936e+00
4.752496778964996338e+00
4.642514437437057495e+00
4.476991742849349976e+00
3.391842097043991089e+00
3.477884605526924133e+00
3.202437013387680054e+00
4.258694201707839966e+00
4.475834816694259644e+00
4.021682888269424438e+00
3.412398323416709900e+00
3.254092484712600708e+00
3.963374942541122437e+00
4.002190381288528442e+00
4.066606163978576660e+00
3.717195838689804077e+00
3.897124230861663818e+00
4.392414093017578125e+00
4.065576046705245972e+00
4.502950459718704224e+00
3.985596746206283569e+00
4.356799721717834473e+00
3.436865136027336121e+00
4.182925820350646973e+00
3.431325107812881470e+00
3.876026123762130737e+00
3.554336726665496826e+00
4.316209703683853149e+00
3.769306093454360962e+00
3.183328360319137573e+00
3.253237456083297729e+00
3.081056624650955200e+00
3.223277032375335693e+00
3.918119072914123535e+00
3.388940244913101196e+00
3.085709512233734131e+00
4.407807588577270508e+00
3.594249859452247620e+00
3.256929442286491394e+00
4.474675357341766357e+00
4.380401074886322021e+00
3.004625141620635986e+00
3.800101876258850098e+00
3.829212933778762817e+00
4.359254837036132812e+00
3.769346624612808228e+00
3.862653821706771851e+00
3.883868306875228882e+00
4.465839564800262451e+00
4.197748452425003052e+00
4.259407520294189453e+00
3.704556003212928772e+00
3.022965379059314728e+00
3.647198453545570374e+00
4.201440364122390747e+00
3.244581297039985657e+00
3.266658335924148560e+00
3.134520947933197021e+00
4.036141484975814819e+00
4.131099730730056763e+00
4.041494429111480713e+00
3.628187328577041626e+00
3.616341724991798401e+00
3.858868032693862915e+00
3.913849592208862305e+00
3.605920523405075073e+00
3.066389337182044983e+00
4.659809470176696777e+00
3.512888625264167786e+00
3.629638999700546265e+00
3.601945564150810242e+00
4.326491355895996094e+00
3.832047283649444580e+00
3.408386558294296265e+00
3.267302960157394409e+00
4.131897389888763428e+00
4.002992063760757446e+00
3.815308064222335815e+00
3.820967674255371094e+00
3.540174588561058044e+00
3.519778028130531311e+00
3.615303337574005127e+00
4.366730749607086182e+00
3.434607088565826416e+00
4.153167903423309326e+00
3.298775255680084229e+00
4.428777098655700684e+00
3.429583609104156494e+00
3.942320346832275391e+00
3.903801441192626953e+00
2.792745698243379593e+00
4.161144793033599854e+00
4.042660444974899292e+00
3.414913043379783630e+00
3.323215320706367493e+00
4.419578462839126587e+00
4.110908359289169312e+00
3.093460649251937866e+00
4.481582939624786377e+00
4.084439128637313843e+00
3.880661875009536743e+00
3.364114165306091309e+00
4.142459481954574585e+00
2.965526655316352844e+00
4.130553156137466431e+00
3.233188241720199585e+00
3.904472589492797852e+00
3.344867825508117676e+00
3.614442571997642517e+00
4.813897013664245605e+00
3.507936745882034302e+00
4.663025438785552979e+00
4.649584442377090454e+00
3.553675562143325806e+00
2.885089814662933350e+00
3.643804937601089478e+00
4.363456517457962036e+00
3.252963349223136902e+00
4.083049446344375610e+00
3.773885220289230347e+00
4.526333808898925781e+00
3.313817158341407776e+00
3.451980128884315491e+00
3.008893579244613647e+00
2.908257469534873962e+00
3.817663341760635376e+00
3.290790095925331116e+00
4.089655280113220215e+00
2.953413799405097961e+00
3.341495618224143982e+00
3.415248617529869080e+00
3.322009220719337463e+00
4.310089796781539917e+00
4.012295156717300415e+00
4.024038016796112061e+00
4.119012504816055298e+00
3.797998875379562378e+00
3.724388703703880310e+00
3.054229766130447388e+00
4.673804342746734619e+00
4.564661979675292969e+00
4.349219650030136108e+00
3.345363214612007141e+00
3.859863877296447754e+00
4.103140980005264282e+00
3.585710674524307251e+00
3.861839026212692261e+00
4.212662428617477417e+00
2.812110316008329391e+00
4.122556746006011963e+00
4.196710735559463501e+00
4.137274920940399170e+00
3.650304526090621948e+00
4.649606049060821533e+00
4.059083610773086548e+00
4.334888458251953125e+00
4.655900597572326660e+00
3.866652995347976685e+00
4.398197978734970093e+00
4.671189188957214355e+00
3.662877902388572693e+00
4.507690519094467163e+00
3.094290085136890411e+00
3.959099054336547852e+00
3.226310312747955322e+00
4.594933688640594482e+00
3.609725311398506165e+00
4.393157362937927246e+00
3.569288775324821472e+00
3.869538009166717529e+00
4.750958830118179321e+00
3.108948245644569397e+00
3.248173370957374573e+00
3.350652754306793213e+00
3.534180670976638794e+00
4.077659845352172852e+00
3.104367256164550781e+00
4.388241171836853027e+00
3.679693490266799927e+00
2.980873733758926392e+00
3.003108128905296326e+00
3.107028044760227203e+00
3.119435571134090424e+00
3.171066269278526306e+00
4.131637215614318848e+00
3.959062397480010986e+00
3.401965796947479248e+00
3.983461260795593262e+00
4.373414218425750732e+00
4.172249734401702881e+00
3.323955759406089783e+00
3.708319440484046936e+00
3.473803550004959106e+00
4.037322849035263062e+00
3.411355689167976379e+00
3.608704805374145508e+00
4.343302994966506958e+00
3.158044591546058655e+00
4.305407404899597168e+00
3.370857238769531250e+00
3.495024144649505615e+00
3.544598370790481567e+00
3.781508803367614746e+00
3.394218906760215759e+00
4.625748246908187866e+00
3.344917446374893188e+00
3.346058055758476257e+00
3.256452679634094238e+00
4.799298793077468872e+00
3.246299996972084045e+00
3.935945928096771240e+00
3.088667951524257660e+00
4.325976073741912842e+00
4.370917081832885742e+00
4.420355707406997681e+00
3.038892298936843872e+00
3.872217237949371338e+00
3.503283485770225525e+00
3.635013625025749207e+00
4.152085334062576294e+00
3.670646846294403076e+00
3.403292223811149597e+00
3.861672282218933105e+00
4.559594988822937012e+00
3.332186639308929443e+00
4.484678804874420166e+00
3.299927413463592529e+00
3.682278841733932495e+00
3.307155966758728027e+00
3.709670603275299072e+00
3.427339270710945129e+00
3.092621155083179474e+00
3.048449754714965820e+00
2.985746525228023529e+00
3.450821340084075928e+00
3.695379048585891724e+00
4.816298782825469971e+00
3.351543843746185303e+00
3.838129937648773193e+00
4.241925179958343506e+00
4.291779398918151855e+00
4.363765418529510498e+00
3.817537873983383179e+00
3.853938877582550049e+00
4.047833830118179321e+00
3.921107798814773560e+00
4.617951810359954834e+00
3.198993876576423645e+00
4.022557139396667480e+00
2.861680872738361359e+00
4.402223676443099976e+00
2.868205793201923370e+00
3.687495961785316467e+00
3.795664459466934204e+00
4.425327926874160767e+00
4.692219793796539307e+00
4.210090786218643188e+00
3.658425807952880859e+00
3.395820409059524536e+00
3.546641990542411804e+00
3.420003652572631836e+00
3.951195925474166870e+00
3.997454345226287842e+00
4.156617671251296997e+00
4.696053564548492432e+00
2.911994531750679016e+00
3.143606111407279968e+00
3.335568904876708984e+00
4.668566882610321045e+00
3.690934106707572937e+00
3.575876057147979736e+00
4.162540882825851440e+00
3.775472939014434814e+00
3.521155491471290588e+00
3.204877004027366638e+00
3.720097690820693970e+00
4.496434628963470459e+00
3.598424494266510010e+00
3.441764488816261292e+00
3.573248758912086487e+00
4.511480182409286499e+00
4.480116069316864014e+00
4.894763678312301636e+00
3.320787176489830017e+00
3.858035504817962646e+00
4.035906493663787842e+00
3.844521045684814453e+00
3.196996822953224182e+00
4.461055248975753784e+00
4.492503106594085693e+00
3.697898611426353455e+00
4.596468657255172729e+00
3.252386227250099182e+00
3.735162988305091858e+00
4.600935280323028564e+00
3.983534127473831177e+00
3.761749118566513062e+00
3.075123876333236694e+00
3.556353002786636353e+00
3.294472470879554749e+00
4.180153310298919678e+00
4.152524173259735107e+00
4.139712452888488770e+00
2.994373403489589691e+00
3.371520116925239563e+00
4.174594283103942871e+00
3.562022224068641663e+00
3.679019361734390259e+00
3.359133303165435791e+00
3.525567352771759033e+00
3.199710026383399963e+00
3.341993987560272217e+00
3.336711823940277100e+00
4.669083505868911743e+00
3.193067237734794617e+00
2.960035651922225952e+00
3.728427290916442871e+00
3.708232939243316650e+00
3.743245750665664673e+00
3.721544593572616577e+00
3.750366121530532837e+00
3.291338011622428894e+00
4.117130488157272339e+00
3.359230756759643555e+00
3.700187578797340393e+00
4.344026446342468262e+00
3.987832516431808472e+00
4.257058203220367432e+00
4.198825806379318237e+00
4.048403054475784302e+00
2.907094843685626984e+00
3.114959895610809326e+00
3.551019355654716492e+00
3.187071084976196289e+00
3.030615150928497314e+00
3.076875209808349609e+00
3.837639689445495605e+00
3.455168604850769043e+00
4.407623261213302612e+00
3.353879302740097046e+00
4.684742689132690430e+00
3.645486310124397278e+00
3.622344508767127991e+00
4.181683063507080078e+00
3.110646605491638184e+00
3.843476772308349609e+00
4.617046713829040527e+00
3.409806713461875916e+00
3.834392577409744263e+00
4.007787257432937622e+00
3.182821497321128845e+00
3.963489681482315063e+00
4.359379559755325317e+00
3.528484329581260681e+00
4.275885522365570068e+00
4.746931791305541992e+00
4.287834167480468750e+00
4.676030427217483521e+00
3.769067376852035522e+00
4.194111078977584839e+00
3.592169359326362610e+00
3.145808503031730652e+00
3.143444135785102844e+00
4.162195473909378052e+00
4.139856398105621338e+00
3.973314464092254639e+00
3.342485278844833374e+00
4.055517762899398804e+00
3.651871681213378906e+00
3.290723264217376709e+00
3.284802660346031189e+00
3.912089169025421143e+00
3.806701600551605225e+00
3.355318456888198853e+00
4.277569055557250977e+00
4.155836999416351318e+00
3.350779041647911072e+00
3.037025183439254761e+00
3.441535979509353638e+00
3.056467212736606598e+00
3.163568899035453796e+00
3.088904432952404022e+00
4.068015813827514648e+00
4.442942887544631958e+00
4.489698261022567749e+00
3.657383248209953308e+00
3.709374293684959412e+00
4.673804342746734619e+00
3.944772481918334961e+00
4.520857334136962891e+00
3.888077437877655029e+00
4.216364026069641113e+00
3.896812945604324341e+00
4.010988920927047729e+00
3.599928840994834900e+00
4.196114391088485718e+00
3.777791112661361694e+00
4.528380930423736572e+00
3.799083530902862549e+00
3.563768416643142700e+00
3.090348877012729645e+00
4.042281061410903931e+00
3.271472230553627014e+00
4.189212024211883545e+00
3.846894204616546631e+00
3.322390317916870117e+00
3.154392167925834656e+00
3.836768865585327148e+00
3.319120109081268311e+00
3.004013299942016602e+00
3.349953591823577881e+00
3.735650926828384399e+00
4.146389216184616089e+00
4.128126949071884155e+00
3.199286535382270813e+00
3.854328095912933350e+00
3.676741123199462891e+00
4.321169555187225342e+00
3.665003105998039246e+00
3.799647241830825806e+00
3.409941866993904114e+00
4.377141594886779785e+00
4.750958830118179321e+00
3.489488363265991211e+00
3.971570879220962524e+00
3.922460675239562988e+00
4.222826659679412842e+00
4.442168623208999634e+00
3.454325646162033081e+00
3.162744641304016113e+00
3.952784985303878784e+00
3.528730869293212891e+00
3.475152105093002319e+00
3.875854015350341797e+00
3.528183698654174805e+00
3.213125839829444885e+00
3.734754770994186401e+00
3.905308544635772705e+00
2.892646454274654388e+00
3.179097771644592285e+00
4.838962405920028687e+00
3.328942507505416870e+00
3.345001488924026489e+00
4.082527458667755127e+00
3.562680855393409729e+00
4.817296564579010010e+00
3.233857974410057068e+00
4.059802442789077759e+00
3.193265423178672791e+00
3.481976911425590515e+00
3.115962147712707520e+00
2.723254077136516571e+00
3.506119847297668457e+00
3.074741289019584656e+00
3.150348886847496033e+00
4.154862910509109497e+00
4.261871427297592163e+00
4.491060078144073486e+00
4.340364784002304077e+00
3.862839788198471069e+00
4.467864185571670532e+00
3.183968141674995422e+00
3.068712353706359863e+00
4.097640961408615112e+00
4.010893255472183228e+00
3.053886555135250092e+00
2.802885547280311584e+00
3.054000437259674072e+00
4.267233461141586304e+00
3.743323236703872681e+00
3.829175233840942383e+00
3.986652493476867676e+00
3.709748834371566772e+00
4.237985759973526001e+00
4.062228202819824219e+00
3.462376743555068970e+00
4.118332117795944214e+00
3.118691779673099518e+00
3.761059045791625977e+00
3.856498003005981445e+00
2.751820106059312820e+00
4.257763773202896118e+00
3.351248800754547119e+00
4.516481757164001465e+00
3.079385980963706970e+00
3.569945767521858215e+00
2.900616340339183807e+00
3.288520798087120056e+00
3.242569714784622192e+00
3.080044202506542206e+00
3.949273228645324707e+00
3.693621605634689331e+00
3.226020187139511108e+00
4.363483041524887085e+00
3.850926756858825684e+00
3.638065308332443237e+00
3.800253272056579590e+00
3.834105879068374634e+00
2.866304367780685425e+00
3.387809321284294128e+00
4.767602235078811646e+00
3.180379793047904968e+00
4.168362468481063843e+00
3.747809380292892456e+00
4.381828308105468750e+00
4.116906821727752686e+00
3.644639179110527039e+00
3.453689441084861755e+00
4.362369477748870850e+00
4.563706219196319580e+00
3.130864799022674561e+00
4.537800252437591553e+00
3.921566009521484375e+00
3.679716512560844421e+00
4.086797237396240234e+00
3.169705495238304138e+00
3.998054563999176025e+00
4.922693967819213867e+00
3.578430786728858948e+00
3.052841015160083771e+00
4.301736652851104736e+00
4.315969198942184448e+00
3.688603490591049194e+00
4.433017522096633911e+00
2.808056287467479706e+00
3.622767329216003418e+00
3.307658210396766663e+00
3.656516000628471375e+00
3.184173032641410828e+00
3.546715080738067627e+00
4.739392846822738647e+00
3.763761669397354126e+00
2.707658093422651291e+00
3.399445414543151855e+00
3.963795900344848633e+00
3.056135773658752441e+00
4.230318367481231689e+00
3.486859276890754700e+00
4.000593423843383789e+00
2.964172512292861938e+00
4.566364139318466187e+00
3.024358265101909637e+00
3.224655538797378540e+00
3.218953311443328857e+00
3.406878560781478882e+00
4.149585962295532227e+00
4.756670296192169189e+00
4.426445066928863525e+00
4.520581662654876709e+00
3.553606718778610229e+00
3.359237089753150940e+00
4.791710078716278076e+00
4.283212125301361084e+00
3.844969719648361206e+00
3.481729552149772644e+00
4.818911850452423096e+00
4.045411944389343262e+00
3.245137110352516174e+00
3.643428608775138855e+00
3.277868926525115967e+00
3.028989136219024658e+00
2.822851836681365967e+00
4.005293995141983032e+00
3.437545448541641235e+00
3.420771807432174683e+00
4.495949447154998779e+00
4.061710834503173828e+00
3.963276147842407227e+00
3.045178167521953583e+00
3.448964729905128479e+00
3.008881434798240662e+00
4.722196161746978760e+00
3.669867292046546936e+00
3.264793753623962402e+00
4.911537021398544312e+00
2.995088621973991394e+00
4.682819545269012451e+00
3.993393927812576294e+00
4.260971993207931519e+00
3.776579797267913818e+00
4.282734692096710205e+00
3.831771016120910645e+00
3.331858888268470764e+00
3.292984887957572937e+00
3.227139189839363098e+00
4.168918579816818237e+00
2.870933786034584045e+00
2.877441458404064178e+00
3.189926743507385254e+00
4.719786494970321655e+00
3.335017636418342590e+00
3.328758776187896729e+00
3.332541137933731079e+00
4.773457497358322144e+00
3.679114133119583130e+00
3.767223805189132690e+00
3.035876378417015076e+00
4.189062714576721191e+00
4.090533107519149780e+00
4.816298782825469971e+00
3.184058293700218201e+00
3.931277394294738770e+00
3.198234066367149353e+00
4.417177438735961914e+00
3.467768505215644836e+00
3.647968545556068420e+00
4.558239728212356567e+00
3.280058950185775757e+00
3.875778615474700928e+00
3.781624734401702881e+00
2.990441098809242249e+00
3.175351023674011230e+00
3.241548389196395874e+00
3.392128199338912964e+00
3.379223719239234924e+00
3.599928840994834900e+00
3.106899708509445190e+00
3.548356294631958008e+00
4.131302684545516968e+00
4.375547021627426147e+00
3.586833402514457703e+00
4.312130063772201538e+00
4.061603844165802002e+00
4.073130637407302856e+00
4.034291058778762817e+00
3.196130394935607910e+00
4.422173500061035156e+00
3.191039711236953735e+00
4.354603141546249390e+00
3.388161435723304749e+00
3.066702187061309814e+00
3.197737187147140503e+00
3.517581745982170105e+00
4.396777451038360596e+00
3.738576471805572510e+00
3.740580528974533081e+00
3.313431069254875183e+00
3.200491070747375488e+00
4.593745470046997070e+00
4.478776752948760986e+00
3.522032350301742554e+00
4.557997435331344604e+00
3.207633197307586670e+00
3.284830078482627869e+00
4.192714691162109375e+00
3.600771054625511169e+00
3.619863316416740417e+00
4.580799192190170288e+00
3.564577251672744751e+00
4.213216751813888550e+00
4.241308867931365967e+00
3.125981986522674561e+00
3.841788619756698608e+00
3.946343362331390381e+00
3.166250810027122498e+00
3.850440233945846558e+00
4.413674771785736084e+00
4.489345997571945190e+00
3.613360151648521423e+00
3.496149927377700806e+00
4.492019265890121460e+00
2.784630265086889267e+00
3.526817336678504944e+00
3.821344524621963501e+00
4.295250326395034790e+00
4.183542281389236450e+00
3.535199165344238281e+00
4.485465437173843384e+00
3.395231142640113831e+00
3.079280965030193329e+00
4.501083791255950928e+00
2.960309199988842010e+00
4.608017355203628540e+00
2.938727401196956635e+00
3.950948119163513184e+00
3.078696355223655701e+00
3.832941204309463501e+00
3.137152045965194702e+00
2.852343209087848663e+00
3.714102953672409058e+00
4.107347726821899414e+00
3.399731591343879700e+00
3.466672971844673157e+00
3.892023563385009766e+00
3.532837107777595520e+00
3.695265278220176697e+00
3.717870712280273438e+00
2.872147224843502045e+00
2.969031371176242828e+00
4.755489379167556763e+00
4.260005652904510498e+00
3.225571215152740479e+00
3.353834524750709534e+00
2.909930683672428131e+00
3.929673284292221069e+00
3.027856275439262390e+00
4.213228821754455566e+00
4.017023295164108276e+00
2.948258593678474426e+00
4.639188498258590698e+00
3.513040319085121155e+00
4.608776569366455078e+00
3.941962420940399170e+00
3.429948613047599792e+00
3.023823909461498260e+00
4.574309140443801880e+00
4.028344899415969849e+00
2.893498353660106659e+00
3.696574121713638306e+00
3.058467060327529907e+00
3.280103057622909546e+00
3.338153809309005737e+00
3.318203613162040710e+00
4.001677036285400391e+00
4.279190003871917725e+00
3.609615713357925415e+00
3.466459140181541443e+00
3.240516334772109985e+00
3.405915349721908569e+00
3.617162927985191345e+00
3.589607998728752136e+00
4.512086659669876099e+00
3.793981671333312988e+00
3.489642590284347534e+00
2.924877405166625977e+00
3.456563800573348999e+00
3.389981463551521301e+00
4.494046568870544434e+00
4.422127902507781982e+00
4.041623920202255249e+00
3.345934227108955383e+00
3.872430920600891113e+00
4.080363214015960693e+00
3.802990317344665527e+00
3.828513473272323608e+00
3.236212283372879028e+00
4.669457972049713135e+00
4.401566386222839355e+00
4.685438126325607300e+00
3.897522538900375366e+00
3.976757377386093140e+00
3.624777868390083313e+00
4.544841498136520386e+00
3.788187354803085327e+00
3.613454997539520264e+00
3.124902881681919098e+00
3.670952618122100830e+00
4.424535781145095825e+00
2.714503500610589981e+00
4.157116711139678955e+00
3.500909507274627686e+00
3.721254244446754456e+00
3.148202821612358093e+00
3.036412373185157776e+00
3.278905823826789856e+00
3.731102421879768372e+00
3.492683172225952148e+00
3.531757816672325134e+00
3.742898404598236084e+00
4.800169914960861206e+00
4.466018080711364746e+00
2.863243259489536285e+00
3.151537179946899414e+00
4.018410146236419678e+00
3.062382861971855164e+00
4.716049134731292725e+00
4.155118912458419800e+00
3.836251497268676758e+00
4.117102175951004028e+00
3.709976524114608765e+00
3.861113935708999634e+00
3.680675849318504333e+00
3.449864909052848816e+00
3.862121850252151489e+00
4.183169156312942505e+00
4.039693772792816162e+00
3.352325111627578735e+00
3.230478912591934204e+00
3.477813526988029480e+00
3.624717369675636292e+00
3.246033936738967896e+00
3.400087580084800720e+00
3.607136830687522888e+00
3.805665373802185059e+00
4.016194194555282593e+00
3.439676612615585327e+00
4.272059202194213867e+00
3.135406076908111572e+00
3.157870545983314514e+00
3.940337598323822021e+00
3.473165556788444519e+00
3.709593415260314941e+00
4.367130845785140991e+00
3.239492177963256836e+00
3.487551361322402954e+00
3.746584951877593994e+00
3.868813216686248779e+00
4.458660185337066650e+00
2.693838700652122498e+00
2.902118526399135590e+00
4.300969094038009644e+00
4.052984863519668579e+00
3.618665710091590881e+00
3.278550133109092712e+00
4.168208390474319458e+00
3.576677814126014709e+00
3.881146609783172607e+00
4.017555415630340576e+00
3.403309211134910583e+00
3.605658635497093201e+00
3.658473268151283264e+00
3.997574448585510254e+00
3.365819230675697327e+00
3.691607415676116943e+00
3.868885636329650879e+00
3.735060766339302063e+00
4.504351466894149780e+00
3.987780213356018066e+00
4.231947511434555054e+00
3.958383500576019287e+00
3.543163612484931946e+00
3.582743108272552490e+00
3.602795228362083435e+00
4.368431866168975830e+00
4.839440435171127319e+00
4.063974320888519287e+00
3.223779723048210144e+00
4.004788249731063843e+00
3.766390979290008545e+00
3.941459506750106812e+00
3.203235715627670288e+00
3.830053359270095825e+00
3.074820302426815033e+00
3.865279704332351685e+00
4.584520161151885986e+00
4.187148809432983398e+00
3.386402800679206848e+00
3.971099406480789185e+00
3.118217960000038147e+00
4.237510859966278076e+00
3.999429345130920410e+00
3.736486881971359253e+00
4.334367513656616211e+00
4.068883657455444336e+00
3.683168515563011169e+00
4.798403978347778320e+00
3.592059090733528137e+00
3.629474043846130371e+00
4.328099191188812256e+00
4.785097688436508179e+00
3.003204576671123505e+00
4.322573095560073853e+00
2.811592537909746170e+00
3.726440221071243286e+00
3.205568194389343262e+00
3.622405976057052612e+00
3.640417754650115967e+00
3.129711225628852844e+00
3.098144680261611938e+00
2.828528992831707001e+00
4.311392158269882202e+00
4.178972989320755005e+00
2.497389221971388906e+00
2.940507307648658752e+00
4.441594779491424561e+00
4.317706078290939331e+00
3.874622434377670288e+00
3.851209431886672974e+00
3.855032771825790405e+00
3.325716331601142883e+00
3.637493178248405457e+00
3.223109096288681030e+00
3.176988735795021057e+00
4.476949423551559448e+00
3.639421537518501282e+00
3.589715287089347839e+00
4.393042325973510742e+00
4.048552513122558594e+00
3.286630809307098389e+00
3.757021129131317139e+00
3.908444941043853760e+00
3.983240723609924316e+00
3.955496996641159058e+00
4.260980486869812012e+00
4.483625143766403198e+00
4.339457601308822632e+00
4.174315482378005981e+00
3.823788762092590332e+00
3.291459232568740845e+00
4.029691666364669800e+00
3.524596169590950012e+00
4.479665458202362061e+00
3.613792806863784790e+00
3.676931411027908325e+00
4.174838215112686157e+00
4.006732255220413208e+00
3.871872127056121826e+00
4.177027493715286255e+00
3.186136707663536072e+00
3.160321786999702454e+00
3.579005226492881775e+00
4.923257082700729370e+00
4.017210006713867188e+00
4.028964340686798096e+00
3.510550856590270996e+00
3.945517241954803467e+00
4.176607578992843628e+00
3.787115663290023804e+00
3.019204735755920410e+00
3.076623044908046722e+00
3.975116759538650513e+00
3.622111603617668152e+00
3.504222929477691650e+00
3.171110898256301880e+00
3.363162353634834290e+00
3.362605795264244080e+00
4.399601370096206665e+00
4.073725938796997070e+00
4.442151337862014771e+00
4.176916629076004028e+00
3.955766558647155762e+00
3.423733264207839966e+00
4.054768532514572144e+00
3.721565157175064087e+00
3.733752742409706116e+00
3.607742637395858765e+00
3.840625286102294922e+00
3.882381767034530640e+00
3.933160603046417236e+00
3.409536927938461304e+00
3.912784755229949951e+00
4.439260512590408325e+00
3.514568507671356201e+00
3.845443427562713623e+00
4.467864185571670532e+00
4.102325737476348877e+00
3.388115242123603821e+00
3.773876130580902100e+00
4.338869899511337280e+00
3.925132453441619873e+00
3.263365104794502258e+00
3.786129355430603027e+00
3.510150387883186340e+00
3.392714485526084900e+00
3.620602265000343323e+00
3.743872866034507751e+00
3.481899052858352661e+00
3.717310056090354919e+00
3.107964396476745605e+00
3.189570680260658264e+00
3.299744352698326111e+00
4.537074416875839233e+00
4.414232671260833740e+00
3.977409005165100098e+00
3.452961519360542297e+00
3.753806799650192261e+00
4.453611671924591064e+00
3.351953923702239990e+00
3.427935838699340820e+00
2.850217185914516449e+00
3.868083506822586060e+00
4.465571790933609009e+00
4.103059172630310059e+00
3.698797672986984253e+00
3.098568953573703766e+00
3.779352605342864990e+00
3.749099746346473694e+00
3.719400241971015930e+00
4.538526087999343872e+00
3.891355544328689575e+00
4.428796768188476562e+00
3.984328210353851318e+00
3.922095745801925659e+00
3.961956053972244263e+00
3.133887201547622681e+00
3.905200809240341187e+00
3.965491354465484619e+00
4.180959016084671021e+00
4.331350624561309814e+00
3.704769685864448547e+00
3.937793672084808350e+00
4.223532080650329590e+00
4.035319387912750244e+00
3.057925216853618622e+00
3.164223879575729370e+00
2.882449291646480560e+00
3.183762282133102417e+00
3.636414036154747009e+00
3.697038590908050537e+00
4.107157886028289795e+00
3.817563652992248535e+00
3.846121579408645630e+00
4.279835820198059082e+00
3.939885348081588745e+00
3.136264160275459290e+00
3.869036883115768433e+00
4.421272277832031250e+00
3.506550490856170654e+00
3.199967965483665466e+00
3.018755875527858734e+00
3.305466473102569580e+00
2.979829870164394379e+00
4.019757360219955444e+00
3.320001363754272461e+00
3.219378367066383362e+00
3.544183894991874695e+00
3.971925079822540283e+00
3.987945020198822021e+00
3.840989321470260620e+00
3.664668947458267212e+00
3.005568459630012512e+00
4.597645848989486694e+00
4.016125649213790894e+00
4.229637682437896729e+00
3.769036084413528442e+00
4.578898847103118896e+00
3.719097673892974854e+00
3.825892508029937744e+00
4.104784429073333740e+00
3.894226849079132080e+00
4.292901903390884399e+00
2.973337657749652863e+00
4.102028906345367432e+00
4.387308657169342041e+00
4.440820813179016113e+00
3.858358412981033325e+00
3.508771732449531555e+00
3.681299909949302673e+00
4.005035459995269775e+00
3.284192681312561035e+00
4.558063596487045288e+00
2.939126193523406982e+00
4.108055830001831055e+00
3.095638528466224670e+00
4.527020901441574097e+00
4.251129329204559326e+00
3.581626713275909424e+00
4.153527170419692993e+00
3.756173104047775269e+00
4.648278206586837769e+00
3.546089977025985718e+00
4.405909031629562378e+00
3.315304219722747803e+00
3.571171537041664124e+00
3.464266955852508545e+00
3.230728507041931152e+00
4.441145509481430054e+00
3.630959689617156982e+00
3.951869755983352661e+00
3.160419017076492310e+00
3.991219103336334229e+00
4.684317857027053833e+00
3.357495442032814026e+00
4.156117588281631470e+00
3.200399130582809448e+00
4.051536172628402710e+00
3.045882433652877808e+00
4.132830798625946045e+00
4.256964325904846191e+00
3.560901209712028503e+00
4.490465521812438965e+00
4.331481754779815674e+00
4.327398687601089478e+00
3.652890101075172424e+00
3.931075483560562134e+00
3.951885998249053955e+00
4.329569935798645020e+00
2.855463176965713501e+00
3.215448334813117981e+00
3.327514827251434326e+00
3.939190655946731567e+00
3.126634210348129272e+00
3.774700313806533813e+00
3.711870089173316956e+00
3.595392704010009766e+00
3.472165241837501526e+00
3.785900473594665527e+00
3.606904223561286926e+00
3.137632235884666443e+00
3.545232638716697693e+00
3.276388719677925110e+00
3.092311434447765350e+00
3.779260665178298950e+00
3.948842287063598633e+00
3.179358020424842834e+00
2.874394394457340240e+00
3.411230519413948059e+00
3.839500397443771362e+00
4.240259677171707153e+00
3.782855123281478882e+00
3.062447272241115570e+00
3.304239511489868164e+00
3.031670264899730682e+00
4.608919471502304077e+00
3.990142345428466797e+00
3.500379770994186401e+00
3.200140967965126038e+00
3.805336654186248779e+00
2.934289351105690002e+00
3.957967013120651245e+00
3.647670298814773560e+00
3.112353533506393433e+00
3.104405626654624939e+00
3.365247100591659546e+00
3.946495503187179565e+00
4.610355198383331299e+00
3.406681343913078308e+00
4.382769167423248291e+00
3.271635100245475769e+00
4.910323172807693481e+00
3.244174569845199585e+00
3.845151811838150024e+00
2.914168648421764374e+00
3.556056022644042969e+00
3.255945965647697449e+00
2.969852387905120850e+00
3.349669575691223145e+00
4.128906577825546265e+00
3.685621991753578186e+00
3.063908629119396210e+00
3.134870827198028564e+00
4.078643321990966797e+00
3.606427609920501709e+00
4.202232211828231812e+00
3.996987193822860718e+00
4.753167480230331421e+00
4.068080186843872070e+00
3.900419920682907104e+00
3.219920098781585693e+00
3.378998115658760071e+00
4.295204579830169678e+00
3.647330775856971741e+00
3.158082142472267151e+00
3.219687044620513916e+00
3.753042072057723999e+00
3.779676854610443115e+00
3.501714989542961121e+00
3.368240147829055786e+00
4.761035889387130737e+00
3.123024292290210724e+00
3.966629207134246826e+00
3.213728889822959900e+00
4.498525708913803101e+00
3.101702295243740082e+00
3.351503238081932068e+00
3.692232221364974976e+00
3.824153691530227661e+00
4.122330546379089355e+00
4.037054926156997681e+00
4.253620654344558716e+00
3.806186616420745850e+00
4.482636302709579468e+00
2.902313545346260071e+00
3.002487681806087494e+00
2.991581931710243225e+00
3.311523199081420898e+00
4.454168230295181274e+00
3.703027367591857910e+00
3.587997108697891235e+00
2.892546281218528748e+00
4.022450447082519531e+00
3.842258155345916748e+00
3.300928100943565369e+00
3.489989936351776123e+00
3.338000401854515076e+00
3.288467600941658020e+00
3.298703581094741821e+00
4.618523120880126953e+00
3.325917348265647888e+00
4.066067636013031006e+00
4.616927206516265869e+00
4.211382269859313965e+00
4.090148359537124634e+00
3.272171989083290100e+00
4.771341085433959961e+00
3.597850278019905090e+00
3.528764322400093079e+00
3.669887036085128784e+00
3.596351295709609985e+00
3.343859761953353882e+00
3.353308066725730896e+00
3.842980861663818359e+00
3.571095168590545654e+00
3.755464404821395874e+00
3.245073929429054260e+00
4.104611426591873169e+00
4.492952972650527954e+00
3.765309005975723267e+00
3.005455099046230316e+00
3.910881429910659790e+00
3.139285817742347717e+00
4.734693020582199097e+00
3.948332369327545166e+00
3.125730752944946289e+00
3.110215552151203156e+00
4.810555428266525269e+00
3.255939111113548279e+00
3.773001879453659058e+00
3.265098556876182556e+00
3.703657612204551697e+00
3.988459408283233643e+00
2.827735729515552521e+00
3.319837152957916260e+00
3.151192739605903625e+00
4.198258966207504272e+00
4.588344097137451172e+00
3.724373430013656616e+00
4.661991596221923828e+00
2.961277514696121216e+00
3.881127238273620605e+00
3.572493493556976318e+00
3.376016467809677124e+00
3.710167184472084045e+00
3.647178560495376587e+00
3.722198009490966797e+00
4.368534088134765625e+00
3.216173872351646423e+00
4.504595547914505005e+00
3.809639215469360352e+00
4.146180748939514160e+00
3.857053071260452271e+00
4.134065359830856323e+00
3.811087906360626221e+00
